gidro_num,identifier,dt,temp,temptype
3882,25017,2015-04-14,-16.0,Макс. температура
3882,25017,2015-06-09,0.4,Мин. температура
3882,25017,2015-06-14,-0.7,Мин. температура
3882,25017,2015-06-18,16.4,Макс. температура
3882,25017,2015-08-13,3.6,Мин. температура
3882,25017,2015-10-18,-13.0,Макс. температура
3882,25017,2015-12-23,-25.1,Макс. температура
3882,25017,2015-12-28,-35.5,Макс. температура
3882,25017,2016-02-19,-14.5,Макс. температура
3882,25017,2016-04-18,-13.7,Макс. температура
3882,25017,2016-06-16,0.9,Мин. температура
3882,25017,2016-06-25,11.2,Макс. температура
3882,25017,2016-06-27,16.9,Макс. температура
3882,25017,2016-07-06,10.9,Макс. температура
3882,25017,2016-07-09,10.0,Макс. температура
3882,25017,2016-07-25,21.4,Макс. температура
3882,25017,2016-08-31,13.6,Макс. температура
3882,25017,2016-09-04,5.4,Мин. температура
3882,25017,2016-09-05,7.0,Макс. температура
3882,25017,2016-09-16,0.6,Мин. температура
3882,25017,2016-10-11,1.5,Макс. температура
3882,25017,2016-10-27,-0.9,Макс. температура
3882,25017,2016-11-04,-5.0,Мин. температура
3882,25017,2017-01-01,-30.5,Мин. температура
3882,25017,2017-01-14,-34.0,Макс. температура
3882,25017,2017-02-17,-35.0,Макс. температура
3882,25017,2017-02-22,-44.8,Мин. температура
3882,25017,2017-02-28,-25.2,Макс. температура
3882,25017,2017-03-07,-31.5,Мин. температура
3882,25017,2017-04-17,-12.0,Мин. температура
3882,25017,2017-04-30,-6.0,Макс. температура
3882,25017,2017-05-11,5.7,Макс. температура
3882,25017,2018-01-25,-23.5,Мин. температура
3882,25017,2018-02-26,-19.0,Макс. температура
3882,25017,2018-03-26,-25.4,Мин. температура
3882,25017,2018-04-01,-26.8,Мин. температура
3882,25017,2018-11-19,,Макс. температура
3882,25017,2018-12-14,-36.5,Макс. температура
3882,25017,2019-01-31,-44.5,Мин. температура
3882,25017,2019-02-27,-38.9,Мин. температура
3882,25017,2019-03-22,-35.2,Мин. температура
3882,25017,2019-03-24,-20.0,Макс. температура
3882,25017,2019-04-20,-1.6,Макс. температура
3882,25017,2019-07-18,5.4,Мин. температура
3882,25017,2019-08-20,3.1,Мин. температура
3882,25017,2019-08-21,6.9,Мин. температура
3882,25017,2019-08-27,12.0,Макс. температура
3882,25017,2019-09-14,12.1,Макс. температура
3882,25017,2019-10-04,-3.5,Мин. температура
3882,25017,2019-10-10,-6.4,Макс. температура
3882,25017,2019-11-18,-20.2,Мин. температура
3882,25017,2019-11-29,-38.4,Мин. температура
3882,25017,2020-02-19,-32.0,Мин. температура
3882,25017,2020-03-12,-41.5,Мин. температура
3882,25017,2020-03-23,-15.2,Макс. температура
3882,25017,2020-04-12,-0.2,Макс. температура
3882,25017,2020-07-05,5.0,Мин. температура
3882,25017,2020-07-07,14.5,Макс. температура
3882,25017,2020-07-10,19.9,Макс. температура
3882,25017,2020-09-12,13.0,Макс. температура
3882,25017,2020-09-17,3.3,Мин. температура
3882,25017,2020-10-10,-2.4,Макс. температура
3882,25017,2020-12-10,-34.0,Мин. температура
3882,25017,2021-01-19,-44.0,Мин. температура
3882,25017,2021-02-28,-32.3,Мин. температура
3882,25017,2021-03-17,-24.9,Макс. температура
3882,25017,2021-04-01,-27.9,Мин. температура
3882,25017,2021-04-16,-21.8,Мин. температура
3882,25017,2021-04-20,-10.5,Мин. температура
3882,25017,2021-07-08,18.4,Макс. температура
3882,25017,2021-07-15,3.4,Мин. температура
3882,25017,2021-07-23,11.0,Мин. температура
3882,25017,2021-07-25,5.6,Мин. температура
3882,25017,2021-09-27,1.5,Макс. температура
3882,25017,2021-10-21,-15.5,Макс. температура
3882,25017,2021-11-12,-25.9,Мин. температура
3882,25017,2021-11-17,-10.6,Макс. температура
3882,25017,2021-11-18,-20.2,Мин. температура
3882,25017,2022-01-01,-33.0,Макс. температура
3882,25017,2022-01-22,-43.0,Мин. температура
3882,25017,2022-02-26,-27.0,Мин. температура
3882,25017,2022-03-20,-29.5,Мин. температура
3882,25017,2022-03-30,-29.5,Мин. температура
3882,25017,2022-04-09,-34.0,Мин. температура
3882,25017,2022-05-13,9.0,Макс. температура
3882,25017,2022-06-03,1.7,Мин. температура
3882,25017,2022-07-16,10.4,Мин. температура
3882,25017,2022-07-22,1.5,Мин. температура
3882,25017,2022-07-25,7.3,Мин. температура
3882,25017,2022-08-04,8.0,Мин. температура
3882,25017,2022-08-10,19.8,Макс. температура
3882,25017,2022-08-14,5.6,Макс. температура
3882,25017,2022-08-22,16.6,Макс. температура
3882,25017,2022-09-02,2.1,Мин. температура
3882,25017,2022-09-24,-0.9,Мин. температура
3882,25017,2022-10-27,-11.7,Макс. температура
3882,25017,2023-01-16,-31.4,Мин. температура
3882,25017,2023-03-15,-18.5,Макс. температура
3882,25017,2023-04-02,-34.5,Мин. температура
3882,25017,2023-04-07,-26.6,Мин. температура
3882,25017,2023-04-23,-5.3,Макс. температура
3882,25017,2023-06-04,10.8,Макс. температура
3882,25017,2023-06-05,8.2,Макс. температура
3882,25017,2023-06-23,5.6,Мин. температура
3882,25017,2023-07-08,7.6,Мин. температура
3882,25017,2023-07-31,5.7,Мин. температура
3882,25017,2023-09-02,3.6,Мин. температура
3882,25017,2023-09-21,0.5,Мин. температура
3882,25017,2023-11-16,-20.4,Макс. температура
3882,25017,2023-11-23,-30.3,Мин. температура
3882,25017,2023-12-03,-27.1,Макс. температура
3882,25017,2024-01-26,-41.9,Мин. температура
3882,25017,2024-01-27,-41.2,Мин. температура
3882,25017,2024-02-13,-40.5,Мин. температура
3882,25017,2024-04-12,-8.6,Макс. температура
3882,25017,2024-05-26,-4.0,Мин. температура
3882,25017,2024-08-05,7.0,Мин. температура
3882,25017,2024-09-23,-0.9,Мин. температура
3882,25017,2024-11-08,-27.2,Макс. температура
3882,25017,2015-03-13,-30.5,Мин. температура
3882,25017,2015-04-28,-6.1,Макс. температура
3882,25017,2015-05-04,-9.4,Мин. температура
3882,25017,2015-06-15,1.1,Мин. температура
3882,25017,2015-10-01,1.7,Макс. температура
3882,25017,2015-10-06,-1.3,Макс. температура
3882,25017,2015-10-12,-9.6,Мин. температура
3882,25017,2016-01-31,-37.7,Мин. температура
3882,25017,2016-04-02,-14.7,Макс. температура
3882,25017,2016-05-18,11.4,Макс. температура
3882,25017,2016-06-15,1.7,Мин. температура
3882,25017,2016-06-22,10.5,Макс. температура
3882,25017,2016-08-13,8.0,Мин. температура
3882,25017,2016-08-14,8.0,Мин. температура
3882,25017,2016-08-29,2.2,Мин. температура
3882,25017,2016-09-28,-0.8,Мин. температура
3882,25017,2016-10-13,0.0,Макс. температура
3882,25017,2017-01-03,-28.9,Макс. температура
3882,25017,2017-03-03,-17.1,Макс. температура
3882,25017,2017-04-19,1.1,Макс. температура
3882,25017,2017-05-20,-1.5,Мин. температура
3882,25017,2018-01-18,-32.2,Мин. температура
3882,25017,2018-02-12,-32.2,Мин. температура
3882,25017,2018-02-16,-19.3,Макс. температура
3882,25017,2018-03-15,-36.5,Мин. температура
3882,25017,2018-03-25,-25.4,Мин. температура
3882,25017,2018-03-27,-15.6,Макс. температура
3882,25017,2018-12-10,-30.3,Макс. температура
3882,25017,2019-01-01,-35.7,Мин. температура
3882,25017,2019-01-07,-40.7,Мин. температура
3882,25017,2019-02-23,-38.3,Мин. температура
3882,25017,2019-03-13,-29.5,Мин. температура
3882,25017,2019-03-25,-29.5,Мин. температура
3882,25017,2019-04-22,-3.5,Макс. температура
3882,25017,2019-07-16,7.6,Мин. температура
3882,25017,2019-08-24,20.7,Макс. температура
3882,25017,2019-08-29,2.6,Мин. температура
3882,25017,2019-10-31,-13.6,Макс. температура
3882,25017,2020-01-20,-40.0,Мин. температура
3882,25017,2020-02-05,-30.1,Макс. температура
3882,25017,2020-02-14,-29.9,Макс. температура
3882,25017,2020-02-29,-19.0,Мин. температура
3882,25017,2020-04-05,-14.2,Макс. температура
3882,25017,2020-05-19,4.6,Макс. температура
3882,25017,2020-06-29,3.8,Мин. температура
3882,25017,2020-06-30,13.1,Макс. температура
3882,25017,2020-07-05,16.0,Макс. температура
3882,25017,2020-07-12,20.0,Макс. температура
3882,25017,2020-08-02,7.9,Мин. температура
3882,25017,2020-11-14,-30.0,Мин. температура
3882,25017,2020-12-02,-21.5,Макс. температура
3882,25017,2020-12-12,-28.6,Макс. температура
3882,25017,2021-01-13,-40.6,Макс. температура
3882,25017,2021-01-16,-25.0,Макс. температура
3882,25017,2021-01-27,-31.6,Макс. температура
3882,25017,2021-07-04,10.0,Мин. температура
3882,25017,2021-07-21,11.0,Мин. температура
3882,25017,2021-07-31,0.5,Мин. температура
3882,25017,2021-08-30,9.0,Макс. температура
3882,25017,2021-10-02,-2.6,Макс. температура
3882,25017,2021-10-20,-19.5,Мин. температура
3882,25017,2021-10-25,-13.5,Макс. температура
3882,25017,2021-11-02,-19.0,Макс. температура
3882,25017,2021-12-25,-36.5,Мин. температура
3882,25017,2022-04-27,-13.5,Мин. температура
3882,25017,2022-05-17,4.7,Макс. температура
3882,25017,2022-06-03,6.8,Макс. температура
3882,25017,2022-06-20,5.0,Мин. температура
3882,25017,2022-09-25,0.9,Макс. температура
3882,25017,2022-10-07,-4.2,Мин. температура
3882,25017,2022-10-16,-4.7,Макс. температура
3882,25017,2023-01-08,-33.6,Мин. температура
3882,25017,2023-01-18,-28.0,Макс. температура
3882,25017,2023-02-01,-27.3,Мин. температура
3882,25017,2023-03-18,-8.5,Мин. температура
3882,25017,2023-04-08,-29.8,Мин. температура
3882,25017,2023-05-18,-0.4,Мин. температура
3882,25017,2023-06-11,17.7,Макс. температура
3882,25017,2023-07-11,5.4,Мин. температура
3882,25017,2023-09-28,0.1,Макс. температура
3882,25017,2023-10-04,-2.6,Макс. температура
3882,25017,2023-10-10,-7.0,Мин. температура
3882,25017,2023-10-29,-14.6,Макс. температура
3882,25017,2023-11-24,-19.7,Макс. температура
3882,25017,2024-01-04,-38.3,Макс. температура
3882,25017,2024-01-18,-44.2,Мин. температура
3882,25017,2024-01-25,-40.2,Мин. температура
3882,25017,2024-02-21,-38.0,Мин. температура
3882,25017,2024-04-06,-15.4,Макс. температура
3882,25017,2024-06-06,0.7,Мин. температура
3882,25017,2024-06-13,14.9,Макс. температура
3882,25017,2024-06-14,20.7,Макс. температура
3882,25017,2024-08-27,5.4,Макс. температура
3882,25017,2024-09-26,-0.7,Макс. температура
3882,25017,2024-09-28,-2.1,Мин. температура
3882,25017,2024-10-04,-1.4,Макс. температура
3882,25017,2024-10-22,-10.4,Мин. температура
3882,25017,2024-11-10,-30.4,Мин. температура
3882,25017,2024-12-18,-30.6,Мин. температура
3882,25017,2015-01-04,,Макс. температура
3882,25017,2015-01-06,,Макс. температура
3882,25017,2015-01-07,,Мин. температура
3882,25017,2015-01-19,-41.3,Мин. температура
3882,25017,2015-02-25,-26.9,Мин. температура
3882,25017,2015-04-19,-22.4,Мин. температура
3882,25017,2015-05-31,-0.6,Мин. температура
3882,25017,2015-06-05,2.3,Мин. температура
3882,25017,2015-06-17,2.6,Мин. температура
3882,25017,2015-07-23,6.1,Мин. температура
3882,25017,2015-07-26,18.8,Макс. температура
3882,25017,2015-08-12,4.6,Мин. температура
3882,25017,2015-08-19,7.6,Макс. температура
3882,25017,2015-08-29,5.8,Мин. температура
3882,25017,2015-09-19,3.0,Макс. температура
3882,25017,2015-09-19,-0.6,Мин. температура
3882,25017,2015-10-16,-11.2,Мин. температура
3882,25017,2015-11-15,-31.0,Мин. температура
3882,25017,2015-12-09,-28.8,Макс. температура
3882,25017,2015-12-30,-36.4,Мин. температура
3882,25017,2016-04-22,-23.3,Мин. температура
3882,25017,2016-05-09,-8.8,Макс. температура
3882,25017,2016-05-16,5.2,Мин. температура
3882,25017,2016-07-10,10.0,Макс. температура
3882,25017,2016-07-28,12.5,Макс. температура
3882,25017,2016-08-06,20.2,Макс. температура
3882,25017,2016-08-21,2.2,Мин. температура
3882,25017,2016-08-24,17.1,Макс. температура
3882,25017,2016-09-15,5.9,Макс. температура
3882,25017,2016-10-07,0.8,Макс. температура
3882,25017,2016-10-16,-2.5,Мин. температура
3882,25017,2016-12-14,-28.1,Макс. температура
3882,25017,2017-02-14,-29.0,Мин. температура
3882,25017,2017-02-20,-40.7,Макс. температура
3882,25017,2017-03-24,-15.9,Мин. температура
3882,25017,2017-11-28,-22.2,Макс. температура
3882,25017,2017-12-26,-37.0,Мин. температура
3882,25017,2018-02-03,-9.7,Макс. температура
3882,25017,2018-03-07,-35.0,Мин. температура
3882,25017,2018-03-30,-28.2,Мин. температура
3882,25017,2018-04-07,-11.6,Макс. температура
3882,25017,2018-04-10,-20.4,Мин. температура
3882,25017,2018-04-14,-23.0,Мин. температура
3882,25017,2018-05-02,-14.6,Мин. температура
3882,25017,2018-05-29,4.6,Макс. температура
3882,25017,2018-11-09,-30.5,Мин. температура
3882,25017,2018-11-18,,Макс. температура
3882,25017,2018-12-27,-34.3,Макс. температура
3882,25017,2019-02-10,-32.5,Макс. температура
3882,25017,2019-02-13,-41.0,Мин. температура
3882,25017,2019-02-17,-43.0,Мин. температура
3882,25017,2019-03-05,-23.5,Макс. температура
3882,25017,2019-08-09,5.9,Мин. температура
3882,25017,2019-09-08,-1.0,Мин. температура
3882,25017,2019-09-21,0.0,Макс. температура
3882,25017,2019-10-19,-14.0,Мин. температура
3882,25017,2019-11-10,-7.5,Макс. температура
3882,25017,2019-11-20,-19.8,Макс. температура
3882,25017,2020-01-01,-40.9,Мин. температура
3882,25017,2020-01-07,-32.6,Мин. температура
3882,25017,2020-01-13,-24.6,Макс. температура
3882,25017,2020-02-12,-28.2,Макс. температура
3882,25017,2020-04-20,-27.1,Мин. температура
3882,25017,2020-06-07,5.8,Мин. температура
3882,25017,2020-06-09,7.2,Мин. температура
3882,25017,2020-06-18,17.7,Мин. температура
3882,25017,2020-07-09,10.0,Мин. температура
3882,25017,2020-07-23,24.5,Макс. температура
3882,25017,2020-08-11,8.0,Макс. температура
3882,25017,2020-08-22,0.0,Мин. температура
3882,25017,2020-08-29,7.6,Макс. температура
3882,25017,2020-08-30,4.0,Мин. температура
3882,25017,2020-09-10,10.4,Макс. температура
3882,25017,2020-09-18,2.0,Мин. температура
3882,25017,2020-10-19,-5.2,Мин. температура
3882,25017,2020-11-06,-9.6,Мин. температура
3882,25017,2020-11-19,-16.2,Макс. температура
3882,25017,2020-12-06,-31.6,Макс. температура
3882,25017,2020-12-13,-27.6,Мин. температура
3882,25017,2020-12-18,-21.9,Макс. температура
3882,25017,2021-01-05,-20.0,Макс. температура
3882,25017,2021-01-08,-34.0,Мин. температура
3882,25017,2021-01-12,-35.0,Макс. температура
3882,25017,2021-01-25,-39.0,Мин. температура
3882,25017,2021-03-31,-16.2,Макс. температура
3882,25017,2021-04-01,-19.5,Макс. температура
3882,25017,2021-04-19,-4.0,Макс. температура
3882,25017,2021-04-28,3.0,Макс. температура
3882,25017,2021-05-15,2.4,Макс. температура
3882,25017,2021-05-21,2.4,Макс. температура
3882,25017,2021-07-16,7.4,Мин. температура
3882,25017,2021-08-09,21.0,Макс. температура
3882,25017,2021-08-10,19.7,Макс. температура
3882,25017,2021-08-18,12.7,Макс. температура
3882,25017,2021-08-30,0.5,Мин. температура
3882,25017,2021-08-31,4.1,Мин. температура
3882,25017,2021-12-09,-42.6,Мин. температура
3882,25017,2021-12-12,-41.5,Макс. температура
3882,25017,2021-12-27,-29.9,Макс. температура
3882,25017,2022-02-23,-36.9,Макс. температура
3882,25017,2022-04-02,-34.0,Мин. температура
3882,25017,2022-04-10,-18.0,Макс. температура
3882,25017,2022-08-15,11.5,Макс. температура
3882,25017,2022-09-13,4.0,Макс. температура
3882,25017,2022-09-26,-1.0,Макс. температура
3882,25017,2022-09-29,-3.1,Макс. температура
3882,25017,2022-10-07,-2.3,Макс. температура
3882,25017,2022-10-15,-4.1,Макс. температура
3882,25017,2022-10-22,-8.3,Мин. температура
3882,25017,2022-11-05,-23.2,Мин. температура
3882,25017,2022-12-21,-23.6,Мин. температура
3882,25017,2023-02-12,-36.0,Макс. температура
3882,25017,2023-03-27,-29.3,Мин. температура
3882,25017,2023-04-05,-13.3,Макс. температура
3882,25017,2023-04-25,1.1,Макс. температура
3882,25017,2023-05-30,-0.1,Мин. температура
3882,25017,2023-06-12,17.5,Макс. температура
3882,25017,2023-06-18,3.1,Мин. температура
3882,25017,2023-09-10,5.8,Мин. температура
3882,25017,2015-01-26,-38.5,Мин. температура
3882,25017,2015-02-04,-37.5,Макс. температура
3882,25017,2015-02-09,-38.5,Мин. температура
3882,25017,2015-02-12,-36.5,Мин. температура
3882,25017,2015-02-27,-38.0,Мин. температура
3882,25017,2015-03-08,-30.1,Макс. температура
3882,25017,2015-03-20,-13.0,Макс. температура
3882,25017,2015-03-24,-26.0,Мин. температура
3882,25017,2015-04-01,-22.3,Макс. температура
3882,25017,2015-04-17,-12.0,Макс. температура
3882,25017,2015-05-02,-17.0,Мин. температура
3882,25017,2015-05-10,-9.5,Макс. температура
3882,25017,2015-05-13,-12.7,Мин. температура
3882,25017,2015-06-23,17.0,Макс. температура
3882,25017,2015-06-26,8.5,Мин. температура
3882,25017,2015-07-14,19.7,Макс. температура
3882,25017,2015-07-16,6.4,Мин. температура
3882,25017,2015-07-30,8.5,Макс. температура
3882,25017,2015-08-08,14.3,Макс. температура
3882,25017,2015-09-20,-1.1,Мин. температура
3882,25017,2015-10-22,-17.4,Мин. температура
3882,25017,2016-01-26,-37.0,Макс. температура
3882,25017,2016-03-01,-22.3,Макс. температура
3882,25017,2016-03-12,-28.9,Макс. температура
3882,25017,2016-03-25,-7.0,Макс. температура
3882,25017,2016-03-30,-15.8,Макс. температура
3882,25017,2016-04-10,-17.9,Мин. температура
3882,25017,2016-05-11,-20.7,Мин. температура
3882,25017,2016-05-24,-3.4,Мин. температура
3882,25017,2016-08-14,10.8,Макс. температура
3882,25017,2016-08-17,7.6,Мин. температура
3882,25017,2016-10-07,-1.2,Мин. температура
3882,25017,2016-10-17,-7.0,Мин. температура
3882,25017,2016-11-20,-15.2,Макс. температура
3882,25017,2017-01-02,-33.5,Мин. температура
3882,25017,2017-02-07,-20.3,Макс. температура
3882,25017,2017-02-20,-44.0,Мин. температура
3882,25017,2017-03-13,-16.5,Макс. температура
3882,25017,2017-03-21,-19.4,Мин. температура
3882,25017,2017-03-22,-6.5,Макс. температура
3882,25017,2017-04-01,-7.0,Макс. температура
3882,25017,2017-04-09,-11.0,Макс. температура
3882,25017,2017-05-02,-4.0,Макс. температура
3882,25017,2017-05-06,-8.5,Макс. температура
3882,25017,2017-05-19,-7.7,Мин. температура
3882,25017,2017-12-13,-26.0,Макс. температура
3882,25017,2018-03-25,-20.2,Макс. температура
3882,25017,2018-03-29,-28.0,Мин. температура
3882,25017,2018-03-31,-19.8,Макс. температура
3882,25017,2018-05-21,-2.5,Мин. температура
3882,25017,2018-05-30,-3.2,Мин. температура
3882,25017,2019-01-15,-42.6,Мин. температура
3882,25017,2019-01-22,-30.5,Мин. температура
3882,25017,2019-03-04,-33.4,Мин. температура
3882,25017,2019-03-05,-34.5,Мин. температура
3882,25017,2019-03-07,-33.5,Мин. температура
3882,25017,2019-03-10,-18.9,Макс. температура
3882,25017,2019-03-27,-29.0,Мин. температура
3882,25017,2019-04-15,-19.5,Мин. температура
3882,25017,2019-04-16,-21.5,Мин. температура
3882,25017,2019-09-15,2.5,Мин. температура
3882,25017,2019-11-09,-15.0,Мин. температура
3882,25017,2019-11-11,-20.5,Мин. температура
3882,25017,2019-11-13,-16.5,Мин. температура
3882,25017,2019-11-16,-7.8,Макс. температура
3882,25017,2020-02-07,-28.6,Макс. температура
3882,25017,2020-02-10,-30.5,Макс. температура
3882,25017,2020-02-25,-39.6,Мин. температура
3882,25017,2020-03-19,-27.4,Макс. температура
3882,25017,2020-03-24,-22.4,Мин. температура
3882,25017,2020-04-23,0.0,Макс. температура
3882,25017,2020-06-05,0.9,Мин. температура
3882,25017,2020-07-02,11.1,Макс. температура
3882,25017,2020-07-30,11.9,Макс. температура
3882,25017,2020-08-04,7.9,Мин. температура
3882,25017,2020-10-27,-19.3,Мин. температура
3882,25017,2020-12-02,-24.5,Мин. температура
3882,25017,2020-12-05,-34.8,Макс. температура
3882,25017,2020-12-10,-27.0,Макс. температура
3882,25017,2020-12-27,-38.5,Мин. температура
3882,25017,2021-01-07,-21.5,Макс. температура
3882,25017,2021-01-31,-33.0,Мин. температура
3882,25017,2021-02-16,-26.2,Мин. температура
3882,25017,2021-02-23,-39.2,Мин. температура
3882,25017,2021-03-20,-35.3,Мин. температура
3882,25017,2021-03-26,-31.4,Мин. температура
3882,25017,2021-04-23,-12.0,Мин. температура
3882,25017,2021-05-07,-9.3,Мин. температура
3882,25017,2021-05-31,4.4,Мин. температура
3882,25017,2021-08-17,4.0,Мин. температура
3882,25017,2021-08-19,19.0,Макс. температура
3882,25017,2021-09-09,0.4,Мин. температура
3882,25017,2021-10-22,-15.8,Макс. температура
3882,25017,2021-11-09,-16.0,Макс. температура
3882,25017,2021-11-24,-26.1,Мин. температура
3882,25017,2021-12-05,-23.5,Макс. температура
3882,25017,2021-12-17,-36.1,Мин. температура
3882,25017,2022-02-14,-29.5,Макс. температура
3882,25017,2022-02-15,-32.6,Мин. температура
3882,25017,2022-02-28,-19.5,Макс. температура
3882,25017,2022-03-26,-14.5,Макс. температура
3882,25017,2022-03-30,19.6,Макс. температура
3882,25017,2022-04-02,-23.2,Макс. температура
3882,25017,2022-05-02,3.5,Макс. температура
3882,25017,2022-05-29,8.5,Макс. температура
3882,25017,2022-06-16,14.2,Макс. температура
3882,25017,2022-07-10,3.6,Мин. температура
3882,25017,2022-08-10,10.6,Мин. температура
3882,25017,2022-09-11,7.8,Макс. температура
3882,25017,2022-10-21,-4.8,Макс. температура
3882,25017,2022-11-08,-17.1,Макс. температура
3882,25017,2022-11-29,-27.8,Мин. температура
3882,25017,2023-01-15,-38.9,Мин. температура
3882,25017,2023-01-26,-35.7,Макс. температура
3882,25017,2023-01-29,-39.4,Мин. температура
3882,25017,2023-02-23,-47.3,Мин. температура
3882,25017,2023-06-03,16.1,Макс. температура
3882,25017,2023-07-21,23.5,Макс. температура
3882,25017,2023-08-16,7.1,Мин. температура
3882,25017,2015-01-27,-42.0,Мин. температура
3882,25017,2015-01-29,-29.5,Макс. температура
3882,25017,2015-02-02,-31.6,Макс. температура
3882,25017,2015-02-10,-38.0,Мин. температура
3882,25017,2015-02-18,-36.3,Мин. температура
3882,25017,2015-03-07,-30.0,Макс. температура
3882,25017,2015-04-11,-10.1,Макс. температура
3882,25017,2015-04-13,-18.0,Мин. температура
3882,25017,2015-04-16,-29.4,Мин. температура
3882,25017,2015-04-19,-7.0,Макс. температура
3882,25017,2015-04-28,-18.5,Мин. температура
3882,25017,2015-06-07,2.5,Мин. температура
3882,25017,2015-06-28,6.8,Мин. температура
3882,25017,2015-07-02,25.6,Макс. температура
3882,25017,2015-08-28,12.6,Макс. температура
3882,25017,2015-12-28,-44.0,Мин. температура
3882,25017,2016-01-12,-13.4,Макс. температура
3882,25017,2016-01-25,-42.0,Мин. температура
3882,25017,2016-01-29,-38.5,Мин. температура
3882,25017,2016-01-30,-33.2,Макс. температура
3882,25017,2016-02-12,-42.9,Мин. температура
3882,25017,2016-02-16,-28.7,Макс. температура
3882,25017,2016-03-26,-10.7,Макс. температура
3882,25017,2016-04-19,-15.6,Макс. температура
3882,25017,2016-07-01,3.4,Мин. температура
3882,25017,2016-08-20,3.6,Мин. температура
3882,25017,2016-09-24,-2.4,Мин. температура
3882,25017,2016-12-19,-25.7,Мин. температура
3882,25017,2016-12-30,-34.0,Мин. температура
3882,25017,2017-01-09,-23.0,Макс. температура
3882,25017,2017-03-11,-21.8,Мин. температура
3882,25017,2017-03-16,-31.6,Мин. температура
3882,25017,2017-04-12,-27.0,Мин. температура
3882,25017,2017-05-13,-5.3,Мин. температура
3882,25017,2017-05-30,2.4,Макс. температура
3882,25017,2017-11-23,-24.4,Макс. температура
3882,25017,2018-01-01,-21.1,Макс. температура
3882,25017,2018-01-06,-36.1,Макс. температура
3882,25017,2018-02-01,-9.0,Макс. температура
3882,25017,2018-02-17,-21.6,Макс. температура
3882,25017,2018-04-30,-7.5,Макс. температура
3882,25017,2018-05-05,-13.0,Мин. температура
3882,25017,2018-05-14,3.1,Макс. температура
3882,25017,2018-05-20,0.5,Макс. температура
3882,25017,2018-05-23,-1.5,Макс. температура
3882,25017,2018-12-03,-30.6,Мин. температура
3882,25017,2018-12-09,-31.4,Макс. температура
3882,25017,2018-12-21,-33.0,Макс. температура
3882,25017,2019-02-21,-34.5,Макс. температура
3882,25017,2019-03-18,-28.6,Макс. температура
3882,25017,2019-04-08,-20.9,Мин. температура
3882,25017,2019-04-24,3.2,Макс. температура
3882,25017,2019-09-02,1.8,Мин. температура
3882,25017,2019-11-03,-11.0,Макс. температура
3882,25017,2020-01-07,-27.6,Макс. температура
3882,25017,2020-01-11,-29.0,Макс. температура
3882,25017,2020-01-11,-33.8,Мин. температура
3882,25017,2020-01-21,-25.5,Макс. температура
3882,25017,2020-02-20,-28.0,Макс. температура
3882,25017,2020-02-29,-9.2,Макс. температура
3882,25017,2020-03-10,-28.5,Макс. температура
3882,25017,2020-03-28,-33.5,Мин. температура
3882,25017,2020-05-07,-4.2,Макс. температура
3882,25017,2020-10-23,-7.0,Макс. температура
3882,25017,2020-11-16,-26.9,Мин. температура
3882,25017,2021-01-02,-36.3,Макс. температура
3882,25017,2021-02-17,-24.2,Макс. температура
3882,25017,2021-03-12,-22.7,Макс. температура
3882,25017,2021-05-13,-8.6,Мин. температура
3882,25017,2021-05-26,14.3,Макс. температура
3882,25017,2021-07-11,23.6,Макс. температура
3882,25017,2021-09-16,0.0,Мин. температура
3882,25017,2021-10-06,-7.5,Мин. температура
3882,25017,2021-12-01,-34.1,Мин. температура
3882,25017,2021-12-07,-37.5,Макс. температура
3882,25017,2021-12-14,-43.2,Мин. температура
3882,25017,2022-01-27,-39.5,Макс. температура
3882,25017,2022-01-28,-42.0,Мин. температура
3882,25017,2022-02-22,-44.0,Мин. температура
3882,25017,2022-04-12,-24.6,Мин. температура
3882,25017,2022-06-07,-0.3,Мин. температура
3882,25017,2022-06-18,8.5,Макс. температура
3882,25017,2022-07-28,3.0,Мин. температура
3882,25017,2022-07-29,2.0,Мин. температура
3882,25017,2022-08-21,13.0,Мин. температура
3882,25017,2022-11-17,-19.4,Макс. температура
3882,25017,2023-01-01,-41.7,Макс. температура
3882,25017,2023-01-08,-29.0,Макс. температура
3882,25017,2023-01-25,-30.7,Макс. температура
3882,25017,2023-02-08,-27.0,Макс. температура
3882,25017,2023-03-27,-16.0,Макс. температура
3882,25017,2023-04-30,-16.0,Мин. температура
3882,25017,2023-06-19,21.1,Макс. температура
3882,25017,2023-07-09,4.1,Макс. температура
3882,25017,2023-08-22,8.5,Макс. температура
3882,25017,2023-09-27,-0.5,Мин. температура
3882,25017,2023-10-09,-3.8,Макс. температура
3882,25017,2023-11-11,-26.0,Мин. температура
3882,25017,2023-11-13,-16.0,Макс. температура
3882,25017,2024-01-31,-16.5,Макс. температура
3882,25017,2024-02-29,-22.2,Макс. температура
3882,25017,2024-04-01,-26.6,Мин. температура
3882,25017,2024-04-06,-25.2,Мин. температура
3882,25017,2024-05-23,2.0,Макс. температура
3882,25017,2024-07-17,12.7,Мин. температура
3882,25017,2024-09-05,6.6,Макс. температура
3882,25017,2024-09-24,-2.2,Мин. температура
3882,25017,2024-10-04,-3.4,Мин. температура
3882,25017,2024-10-28,-10.0,Мин. температура
3882,25017,2024-12-01,0.0,Макс. температура
3882,25017,2024-12-26,-24.6,Макс. температура
3882,25017,2015-02-17,-32.2,Макс. температура
3882,25017,2015-03-23,-33.0,Мин. температура
3882,25017,2015-04-05,-24.6,Мин. температура
3882,25017,2015-04-29,-25.0,Мин. температура
3882,25017,2015-05-17,-6.2,Макс. температура
3882,25017,2015-08-25,2.2,Мин. температура
3882,25017,2015-09-15,3.2,Мин. температура
3882,25017,2015-09-25,0.7,Макс. температура
3882,25017,2015-10-14,-10.1,Мин. температура
3882,25017,2015-11-06,-14.4,Макс. температура
3882,25017,2015-12-04,-20.5,Макс. температура
3882,25017,2015-12-21,-30.9,Макс. температура
3882,25017,2016-01-09,-25.7,Мин. температура
3882,25017,2016-01-11,-19.7,Мин. температура
3882,25017,2016-01-20,-23.6,Макс. температура
3882,25017,2016-02-26,-28.0,Макс. температура
3882,25017,2016-03-21,-27.6,Мин. температура
3882,25017,2016-07-23,12.7,Макс. температура
3882,25017,2016-07-26,7.4,Мин. температура
3882,25017,2016-08-02,15.0,Макс. температура
3882,25017,2016-08-03,4.4,Мин. температура
3882,25017,2016-09-16,4.2,Макс. температура
3882,25017,2016-09-23,4.4,Макс. температура
3882,25017,2016-11-18,-24.5,Мин. температура
3882,25017,2016-12-06,-19.9,Макс. температура
3882,25017,2017-01-04,-37.0,Мин. температура
3882,25017,2017-01-16,-20.5,Макс. температура
3882,25017,2017-02-15,-23.0,Макс. температура
3882,25017,2017-05-04,-7.0,Макс. температура
3882,25017,2017-05-08,-11.5,Макс. температура
3882,25017,2017-11-02,-9.9,Макс. температура
3882,25017,2018-01-26,-36.6,Мин. температура
3882,25017,2018-03-22,-39.5,Мин. температура
3882,25017,2018-03-30,-22.0,Макс. температура
3882,25017,2018-04-01,-21.0,Макс. температура
3882,25017,2018-04-14,-13.7,Макс. температура
3882,25017,2018-04-15,-13.0,Макс. температура
3882,25017,2018-05-04,-9.3,Мин. температура
3882,25017,2018-05-23,-4.4,Мин. температура
3882,25017,2018-11-03,-23.2,Мин. температура
3882,25017,2018-12-04,-34.8,Мин. температура
3882,25017,2018-12-15,-38.6,Мин. температура
3882,25017,2018-12-28,-35.5,Мин. температура
3882,25017,2019-01-19,-29.0,Макс. температура
3882,25017,2019-01-29,-30.0,Макс. температура
3882,25017,2019-03-03,-21.4,Макс. температура
3882,25017,2019-03-26,-18.0,Макс. температура
3882,25017,2019-04-26,3.0,Макс. температура
3882,25017,2019-04-27,-1.2,Макс. температура
3882,25017,2019-07-10,15.6,Мин. температура
3882,25017,2019-07-11,29.4,Макс. температура
3882,25017,2019-09-19,0.4,Мин. температура
3882,25017,2019-11-26,-41.5,Мин. температура
3882,25017,2020-01-15,-31.9,Мин. температура
3882,25017,2020-04-10,-7.6,Макс. температура
3882,25017,2020-04-11,-3.1,Макс. температура
3882,25017,2020-05-14,4.0,Макс. температура
3882,25017,2020-05-16,3.0,Макс. температура
3882,25017,2020-06-02,2.1,Мин. температура
3882,25017,2020-07-08,16.6,Макс. температура
3882,25017,2020-07-14,16.1,Макс. температура
3882,25017,2020-07-25,27.0,Макс. температура
3882,25017,2020-09-17,4.4,Макс. температура
3882,25017,2020-09-18,5.5,Макс. температура
3882,25017,2020-11-17,-20.2,Макс. температура
3882,25017,2021-01-03,-42.0,Мин. температура
3882,25017,2021-02-07,-29.0,Мин. температура
3882,25017,2021-02-19,-32.0,Макс. температура
3882,25017,2021-02-20,-32.8,Макс. температура
3882,25017,2021-03-13,-33.6,Мин. температура
3882,25017,2021-04-03,-31.5,Мин. температура
3882,25017,2021-05-21,0.1,Мин. температура
3882,25017,2021-05-24,14.5,Макс. температура
3882,25017,2021-10-06,-2.5,Макс. температура
3882,25017,2021-10-25,-21.7,Мин. температура
3882,25017,2021-11-06,-14.0,Макс. температура
3882,25017,2021-12-11,-44.3,Мин. температура
3882,25017,2021-12-13,-35.8,Макс. температура
3882,25017,2021-12-25,-30.0,Макс. температура
3882,25017,2022-02-25,-20.5,Макс. температура
3882,25017,2022-02-27,-21.5,Мин. температура
3882,25017,2022-03-26,-18.6,Мин. температура
3882,25017,2022-04-01,-30.0,Мин. температура
3882,25017,2022-05-04,-10.2,Мин. температура
3882,25017,2022-05-30,0.1,Мин. температура
3882,25017,2022-06-10,6.2,Мин. температура
3882,25017,2022-08-18,16.4,Макс. температура
3882,25017,2022-08-20,21.6,Макс. температура
3882,25017,2022-09-30,-5.9,Мин. температура
3882,25017,2022-10-01,-0.7,Макс. температура
3882,25017,2022-10-12,-10.7,Мин. температура
3882,25017,2022-10-14,-7.9,Макс. температура
3882,25017,2022-11-11,-31.8,Мин. температура
3882,25017,2022-12-20,-21.9,Мин. температура
3882,25017,2023-01-09,-41.2,Мин. температура
3882,25017,2023-02-22,-34.2,Макс. температура
3882,25017,2023-03-04,-33.5,Макс. температура
3882,25017,2023-03-29,-9.5,Макс. температура
3882,25017,2023-04-21,-9.3,Мин. температура
3882,25017,2023-06-02,-0.4,Мин. температура
3882,25017,2023-06-07,12.1,Макс. температура
3882,25017,2023-06-29,14.3,Мин. температура
3882,25017,2023-07-30,3.8,Мин. температура
3882,25017,2023-09-25,1.1,Макс. температура
3882,25017,2023-10-09,-4.7,Мин. температура
3882,25017,2024-01-30,-31.2,Мин. температура
3882,25017,2024-02-29,-26.2,Мин. температура
3882,25017,2024-03-23,-33.6,Мин. температура
3882,25017,2024-04-21,-1.3,Макс. температура
3882,25017,2024-04-30,0.2,Макс. температура
3882,25017,2024-05-13,-3.1,Макс. температура
3882,25017,2024-05-21,-6.4,Мин. температура
3882,25017,2024-05-22,-0.8,Мин. температура
3882,25017,2024-06-19,12.1,Мин. температура
3882,25017,2024-07-27,12.0,Макс. температура
3882,25017,2024-08-13,1.7,Мин. температура
3882,25017,2024-10-18,-4.5,Мин. температура
3882,25017,2024-10-20,-1.9,Макс. температура
3882,25017,2024-11-22,-34.2,Мин. температура
3882,25017,2015-01-10,,Мин. температура
3882,25017,2015-02-08,-26.9,Макс. температура
3882,25017,2015-02-24,-23.1,Макс. температура
3882,25017,2015-03-06,-40.5,Мин. температура
3882,25017,2015-03-10,-27.2,Макс. температура
3882,25017,2015-05-19,-10.9,Мин. температура
3882,25017,2015-05-26,-8.5,Мин. температура
3882,25017,2015-07-15,14.1,Макс. температура
3882,25017,2015-08-08,5.7,Мин. температура
3882,25017,2015-09-02,3.1,Мин. температура
3882,25017,2015-09-04,6.9,Макс. температура
3882,25017,2015-09-23,-0.1,Мин. температура
3882,25017,2016-01-13,-24.1,Мин. температура
3882,25017,2016-01-18,-24.6,Макс. температура
3882,25017,2016-04-07,-22.8,Мин. температура
3882,25017,2016-04-08,-24.7,Мин. температура
3882,25017,2016-04-14,-24.2,Мин. температура
3882,25017,2016-05-02,-1.9,Макс. температура
3882,25017,2016-05-04,-12.5,Макс. температура
3882,25017,2016-05-18,3.6,Мин. температура
3882,25017,2016-05-26,-0.1,Мин. температура
3882,25017,2016-07-30,4.6,Мин. температура
3882,25017,2016-09-27,0.5,Макс. температура
3882,25017,2016-10-31,-5.0,Макс. температура
3882,25017,2016-11-08,-20.3,Мин. температура
3882,25017,2016-12-08,-3.8,Макс. температура
3882,25017,2017-01-13,-36.6,Мин. температура
3882,25017,2017-01-14,-36.2,Мин. температура
3882,25017,2017-01-22,-37.0,Мин. температура
3882,25017,2017-03-21,-6.6,Макс. температура
3882,25017,2017-03-25,-16.8,Мин. температура
3882,25017,2017-04-27,-8.3,Макс. температура
3882,25017,2017-11-13,-30.0,Мин. температура
3882,25017,2017-12-24,-36.5,Мин. температура
3882,25017,2018-01-14,-36.0,Макс. температура
3882,25017,2018-02-12,-18.7,Макс. температура
3882,25017,2018-03-16,-31.2,Макс. температура
3882,25017,2018-11-02,-6.4,Макс. температура
3882,25017,2018-11-26,,Макс. температура
3882,25017,2018-12-02,-11.9,Макс. температура
3882,25017,2018-12-22,-29.0,Макс. температура
3882,25017,2019-02-11,-33.0,Макс. температура
3882,25017,2019-03-21,-33.4,Мин. температура
3882,25017,2019-04-02,-22.0,Мин. температура
3882,25017,2019-07-14,13.1,Макс. температура
3882,25017,2019-07-20,8.5,Макс. температура
3882,25017,2019-08-03,8.9,Макс. температура
3882,25017,2019-10-28,-24.5,Мин. температура
3882,25017,2019-11-28,-29.5,Макс. температура
3882,25017,2019-12-11,-34.5,Мин. температура
3882,25017,2020-01-16,-36.6,Мин. температура
3882,25017,2020-01-22,-40.6,Мин. температура
3882,25017,2020-02-02,-40.6,Мин. температура
3882,25017,2020-03-17,-22.5,Макс. температура
3882,25017,2020-05-02,1.0,Макс. температура
3882,25017,2020-05-17,5.2,Макс. температура
3882,25017,2020-06-15,24.2,Макс. температура
3882,25017,2020-06-26,12.4,Мин. температура
3882,25017,2020-08-15,9.0,Макс. температура
3882,25017,2020-08-25,4.5,Макс. температура
3882,25017,2020-10-14,3.5,Макс. температура
3882,25017,2020-11-08,-9.3,Макс. температура
3882,25017,2020-11-10,-8.0,Макс. температура
3882,25017,2020-12-31,-29.0,Макс. температура
3882,25017,2021-01-06,-34.0,Мин. температура
3882,25017,2021-02-10,-21.0,Макс. температура
3882,25017,2021-05-07,-2.6,Макс. температура
3882,25017,2021-06-23,10.2,Мин. температура
3882,25017,2021-07-06,9.3,Мин. температура
3882,25017,2021-07-22,14.2,Макс. температура
3882,25017,2021-08-01,2.0,Мин. температура
3882,25017,2021-08-05,6.4,Макс. температура
3882,25017,2021-08-19,0.5,Мин. температура
3882,25017,2021-08-26,13.6,Макс. температура
3882,25017,2021-10-07,-6.5,Мин. температура
3882,25017,2021-11-05,-25.5,Мин. температура
3882,25017,2021-12-31,-37.5,Мин. температура
3882,25017,2022-01-21,-42.0,Мин. температура
3882,25017,2022-01-26,-41.5,Макс. температура
3882,25017,2022-01-26,-43.6,Мин. температура
3882,25017,2022-01-27,-44.1,Мин. температура
3882,25017,2022-02-03,-33.2,Мин. температура
3882,25017,2022-02-26,-18.6,Макс. температура
3882,25017,2022-03-19,-35.6,Мин. температура
3882,25017,2022-05-01,-12.5,Мин. температура
3882,25017,2022-05-06,-8.1,Мин. температура
3882,25017,2022-05-16,-2.5,Макс. температура
3882,25017,2022-05-20,-2.0,Мин. температура
3882,25017,2022-09-20,6.6,Макс. температура
3882,25017,2022-09-28,1.0,Макс. температура
3882,25017,2022-10-04,-1.2,Макс. температура
3882,25017,2022-11-10,-28.4,Макс. температура
3882,25017,2022-11-24,-33.9,Мин. температура
3882,25017,2022-12-23,-23.0,Мин. температура
3882,25017,2023-01-27,-37.3,Мин. температура
3882,25017,2023-02-14,-36.2,Макс. температура
3882,25017,2023-02-27,-41.6,Мин. температура
3882,25017,2023-03-03,-43.4,Мин. температура
3882,25017,2023-05-02,-11.5,Макс. температура
3882,25017,2023-05-09,-17.7,Мин. температура
3882,25017,2023-06-09,14.7,Макс. температура
3882,25017,2023-06-24,12.8,Мин. температура
3882,25017,2023-08-14,22.1,Макс. температура
3882,25017,2023-08-28,7.0,Мин. температура
3882,25017,2023-08-31,10.6,Макс. температура
3882,25017,2023-10-28,-21.5,Мин. температура
3882,25017,2023-12-20,-37.1,Макс. температура
3882,25017,2024-01-12,-44.6,Мин. температура
3882,25017,2024-01-24,-27.5,Макс. температура
3882,25017,2024-02-10,-18.9,Макс. температура
3882,25017,2024-02-15,-37.7,Мин. температура
3882,25017,2024-04-21,-13.1,Мин. температура
3882,25017,2024-05-03,0.9,Макс. температура
3882,25017,2024-05-21,5.2,Макс. температура
3882,25017,2024-06-03,3.4,Мин. температура
3882,25017,2024-06-04,3.0,Мин. температура
3882,25017,2024-06-20,18.9,Макс. температура
3882,25017,2024-07-06,3.3,Мин. температура
3882,25017,2024-08-19,2.9,Мин. температура
3882,25017,2015-01-13,,Макс. температура
3882,25017,2015-02-04,-45.4,Мин. температура
3882,25017,2015-03-17,-15.5,Макс. температура
3882,25017,2015-03-19,-26.5,Мин. температура
3882,25017,2015-03-30,-35.9,Мин. температура
3882,25017,2015-05-24,-2.3,Макс. температура
3882,25017,2015-06-08,16.0,Макс. температура
3882,25017,2015-06-19,21.6,Макс. температура
3882,25017,2015-07-06,23.2,Макс. температура
3882,25017,2015-08-26,0.7,Мин. температура
3882,25017,2015-09-14,6.1,Макс. температура
3882,25017,2015-10-28,-25.5,Мин. температура
3882,25017,2015-11-18,-14.8,Макс. температура
3882,25017,2015-12-31,-23.6,Макс. температура
3882,25017,2016-01-27,-39.0,Макс. температура
3882,25017,2016-02-14,-28.8,Макс. температура
3882,25017,2016-02-23,-24.0,Макс. температура
3882,25017,2016-03-28,-26.9,Мин. температура
3882,25017,2016-04-10,-15.8,Макс. температура
3882,25017,2016-04-18,-25.0,Мин. температура
3882,25017,2016-05-24,3.0,Макс. температура
3882,25017,2016-06-07,20.5,Макс. температура
3882,25017,2016-07-24,7.0,Мин. температура
3882,25017,2016-08-08,11.1,Мин. температура
3882,25017,2016-08-16,4.8,Мин. температура
3882,25017,2016-09-06,14.7,Макс. температура
3882,25017,2016-09-14,3.2,Макс. температура
3882,25017,2016-10-22,-8.5,Макс. температура
3882,25017,2016-10-29,-1.2,Макс. температура
3882,25017,2016-11-10,-19.1,Макс. температура
3882,25017,2016-12-02,-32.9,Мин. температура
3882,25017,2016-12-10,-17.9,Макс. температура
3882,25017,2016-12-25,-18.8,Макс. температура
3882,25017,2017-01-18,-19.0,Макс. температура
3882,25017,2017-04-03,-20.4,Мин. температура
3882,25017,2017-05-10,-13.0,Мин. температура
3882,25017,2017-05-28,-1.0,Макс. температура
3882,25017,2017-12-04,-10.5,Макс. температура
3882,25017,2017-12-17,-13.9,Макс. температура
3882,25017,2017-12-31,-24.1,Макс. температура
3882,25017,2018-01-07,-23.6,Макс. температура
3882,25017,2018-01-09,-20.7,Макс. температура
3882,25017,2018-04-05,-3.5,Макс. температура
3882,25017,2018-05-04,-2.2,Макс. температура
3882,25017,2018-11-18,,Мин. температура
3882,25017,2018-11-28,,Мин. температура
3882,25017,2018-12-07,-40.0,Мин. температура
3882,25017,2019-01-06,-40.0,Мин. температура
3882,25017,2019-02-03,-30.3,Мин. температура
3882,25017,2019-04-15,0.0,Макс. температура
3882,25017,2019-04-18,-19.6,Мин. температура
3882,25017,2019-07-19,3.2,Мин. температура
3882,25017,2019-08-20,22.6,Макс. температура
3882,25017,2019-08-25,17.9,Макс. температура
3882,25017,2019-08-25,6.5,Мин. температура
3882,25017,2019-09-04,4.0,Мин. температура
3882,25017,2019-10-27,-14.0,Макс. температура
3882,25017,2019-11-19,-15.5,Макс. температура
3882,25017,2019-12-08,-23.0,Макс. температура
3882,25017,2019-12-22,-12.5,Макс. температура
3882,25017,2019-12-26,-20.1,Макс. температура
3882,25017,2020-01-20,-28.0,Макс. температура
3882,25017,2020-02-01,-41.7,Мин. температура
3882,25017,2020-02-04,-30.2,Макс. температура
3882,25017,2020-02-06,-38.2,Мин. температура
3882,25017,2020-02-16,-25.6,Макс. температура
3882,25017,2020-02-21,-32.4,Мин. температура
3882,25017,2020-02-22,-38.0,Мин. температура
3882,25017,2020-04-12,-10.0,Мин. температура
3882,25017,2020-04-30,-4.5,Макс. температура
3882,25017,2020-05-08,-2.0,Макс. температура
3882,25017,2020-05-13,1.5,Мин. температура
3882,25017,2020-05-28,2.2,Мин. температура
3882,25017,2020-07-29,6.3,Мин. температура
3882,25017,2020-08-10,7.9,Макс. температура
3882,25017,2020-10-01,0.5,Мин. температура
3882,25017,2020-10-02,5.5,Макс. температура
3882,25017,2020-10-12,-4.2,Макс. температура
3882,25017,2020-10-23,-13.5,Мин. температура
3882,25017,2020-11-12,-14.5,Макс. температура
3882,25017,2020-11-21,-12.5,Макс. температура
3882,25017,2020-12-14,-23.5,Макс. температура
3882,25017,2021-01-10,-33.2,Макс. температура
3882,25017,2021-01-17,-32.1,Мин. температура
3882,25017,2021-02-09,-17.5,Макс. температура
3882,25017,2021-02-17,-32.5,Мин. температура
3882,25017,2021-04-20,4.2,Макс. температура
3882,25017,2021-04-24,-9.6,Макс. температура
3882,25017,2021-04-27,0.8,Макс. температура
3882,25017,2021-05-12,-8.5,Мин. температура
3882,25017,2021-05-16,-7.5,Мин. температура
3882,25017,2021-05-19,0.5,Мин. температура
3882,25017,2021-06-08,2.0,Мин. температура
3882,25017,2021-06-21,22.1,Макс. температура
3882,25017,2021-09-03,1.3,Мин. температура
3882,25017,2021-09-14,-0.4,Мин. температура
3882,25017,2022-01-22,-40.3,Макс. температура
3882,25017,2022-01-24,-39.0,Макс. температура
3882,25017,2022-01-28,-38.4,Макс. температура
3882,25017,2022-02-16,-35.0,Макс. температура
3882,25017,2022-04-18,-13.2,Макс. температура
3882,25017,2022-04-25,-16.4,Мин. температура
3882,25017,2022-04-30,-4.5,Макс. температура
3882,25017,2022-04-30,-20.7,Мин. температура
3882,25017,2022-06-08,-1.2,Мин. температура
3882,25017,2022-09-21,0.7,Мин. температура
3882,25017,2022-09-22,1.0,Мин. температура
3882,25017,2022-09-25,-1.8,Мин. температура
3882,25017,2022-10-04,-4.0,Мин. температура
3882,25017,2022-10-18,-10.7,Макс. температура
3882,25017,2022-11-10,-30.9,Мин. температура
3882,25017,2022-11-23,-30.2,Макс. температура
3882,25017,2022-12-02,-29.1,Мин. температура
3882,25017,2022-12-22,-22.6,Мин. температура
3882,25017,2023-01-28,-24.6,Макс. температура
3882,25017,2023-02-20,-33.4,Макс. температура
3882,25017,2023-02-20,-38.6,Мин. температура
3882,25017,2023-03-08,-45.8,Мин. температура
3882,25017,2023-03-16,-22.0,Мин. температура
3882,25017,2015-01-25,-42.0,Мин. температура
3882,25017,2015-03-27,-19.5,Мин. температура
3882,25017,2015-04-15,-25.5,Мин. температура
3882,25017,2015-05-28,-1.5,Мин. температура
3882,25017,2015-06-10,3.3,Макс. температура
3882,25017,2015-07-17,5.9,Мин. температура
3882,25017,2015-07-27,16.8,Макс. температура
3882,25017,2015-08-02,4.2,Мин. температура
3882,25017,2015-10-23,-12.6,Мин. температура
3882,25017,2015-11-09,-19.2,Макс. температура
3882,25017,2015-11-16,-28.5,Мин. температура
3882,25017,2016-02-18,-12.7,Макс. температура
3882,25017,2016-03-05,-39.3,Мин. температура
3882,25017,2016-03-10,-32.7,Макс. температура
3882,25017,2016-06-01,-0.3,Мин. температура
3882,25017,2016-06-17,0.4,Мин. температура
3882,25017,2016-07-31,25.1,Макс. температура
3882,25017,2016-08-24,9.3,Мин. температура
3882,25017,2016-09-19,5.5,Макс. температура
3882,25017,2016-10-10,0.0,Мин. температура
3882,25017,2016-11-09,-24.0,Мин. температура
3882,25017,2017-02-08,-22.0,Макс. температура
3882,25017,2017-04-05,-14.0,Мин. температура
3882,25017,2017-04-21,-19.5,Мин. температура
3882,25017,2017-11-14,-29.5,Мин. температура
3882,25017,2017-12-02,-14.9,Макс. температура
3882,25017,2018-04-12,-21.6,Мин. температура
3882,25017,2018-04-19,-4.0,Макс. температура
3882,25017,2018-11-10,-21.4,Макс. температура
3882,25017,2018-12-24,-39.9,Мин. температура
3882,25017,2019-01-07,-29.6,Макс. температура
3882,25017,2019-03-16,-27.5,Макс. температура
3882,25017,2019-03-18,-34.5,Мин. температура
3882,25017,2019-07-11,17.1,Мин. температура
3882,25017,2019-08-07,16.8,Макс. температура
3882,25017,2019-08-18,20.2,Макс. температура
3882,25017,2019-09-09,7.1,Макс. температура
3882,25017,2019-11-26,-30.0,Макс. температура
3882,25017,2019-12-05,-23.1,Мин. температура
3882,25017,2020-01-30,-36.4,Мин. температура
3882,25017,2020-02-26,-39.5,Мин. температура
3882,25017,2020-03-06,-30.0,Мин. температура
3882,25017,2020-05-26,8.2,Макс. температура
3882,25017,2020-08-27,3.0,Мин. температура
3882,25017,2020-10-04,1.4,Макс. температура
3882,25017,2020-10-24,-9.0,Макс. температура
3882,25017,2020-11-05,-29.5,Мин. температура
3882,25017,2020-11-30,-28.5,Мин. температура
3882,25017,2021-02-07,-23.5,Макс. температура
3882,25017,2021-03-04,-24.1,Макс. температура
3882,25017,2021-03-11,-19.1,Макс. температура
3882,25017,2021-03-25,-28.7,Мин. температура
3882,25017,2021-04-22,-7.3,Мин. температура
3882,25017,2021-04-29,-11.7,Мин. температура
3882,25017,2021-05-18,-1.3,Мин. температура
3882,25017,2021-06-10,7.0,Макс. температура
3882,25017,2021-06-13,19.9,Макс. температура
3882,25017,2021-07-01,4.5,Мин. температура
3882,25017,2021-07-05,15.2,Мин. температура
3882,25017,2021-07-26,9.4,Макс. температура
3882,25017,2021-08-11,6.0,Мин. температура
3882,25017,2021-09-06,1.4,Мин. температура
3882,25017,2021-09-28,-4.9,Мин. температура
3882,25017,2021-11-30,-26.0,Макс. температура
3882,25017,2021-12-22,-26.0,Мин. температура
3882,25017,2022-01-17,-41.1,Мин. температура
3882,25017,2022-01-29,-21.9,Макс. температура
3882,25017,2022-03-14,-33.0,Мин. температура
3882,25017,2022-04-17,-25.3,Мин. температура
3882,25017,2022-05-28,4.5,Макс. температура
3882,25017,2022-06-04,8.1,Макс. температура
3882,25017,2022-08-01,24.5,Макс. температура
3882,25017,2022-08-09,20.9,Макс. температура
3882,25017,2022-10-11,-5.3,Мин. температура
3882,25017,2022-10-26,-19.9,Макс. температура
3882,25017,2023-01-14,-35.3,Мин. температура
3882,25017,2023-03-17,-18.4,Мин. температура
3882,25017,2023-05-21,6.8,Макс. температура
3882,25017,2023-05-23,-4.0,Мин. температура
3882,25017,2023-06-07,0.7,Мин. температура
3882,25017,2023-07-03,11.7,Мин. температура
3882,25017,2023-07-27,9.8,Макс. температура
3882,25017,2023-08-21,8.2,Макс. температура
3882,25017,2023-09-09,5.4,Мин. температура
3882,25017,2023-10-23,-1.8,Макс. температура
3882,25017,2023-11-25,-30.6,Мин. температура
3882,25017,2023-11-27,-15.5,Мин. температура
3882,25017,2023-11-30,-21.0,Макс. температура
3882,25017,2023-12-23,-31.8,Макс. температура
3882,25017,2024-01-31,-22.4,Мин. температура
3882,25017,2024-02-12,-38.2,Мин. температура
3882,25017,2024-05-05,-13.8,Мин. температура
3882,25017,2024-05-08,-1.6,Мин. температура
3882,25017,2024-07-06,10.2,Макс. температура
3882,25017,2024-07-20,17.9,Макс. температура
3882,25017,2024-08-12,2.3,Мин. температура
3882,25017,2024-09-08,0.5,Мин. температура
3882,25017,2024-11-17,-19.5,Макс. температура
3882,25017,2024-11-28,-31.4,Макс. температура
3882,25017,2024-12-20,-25.9,Мин. температура
3882,25017,2015-01-18,-36.7,Макс. температура
3882,25017,2015-01-24,-36.8,Макс. температура
3882,25017,2015-02-19,-36.5,Мин. температура
3882,25017,2015-03-05,-46.5,Мин. температура
3882,25017,2015-05-07,-0.7,Макс. температура
3882,25017,2015-07-07,7.7,Мин. температура
3882,25017,2015-09-02,12.0,Макс. температура
3882,25017,2015-10-08,-5.1,Мин. температура
3882,25017,2015-10-20,-9.6,Макс. температура
3882,25017,2015-11-09,-28.0,Мин. температура
3882,25017,2015-11-24,-12.8,Макс. температура
3882,25017,2015-12-24,-43.8,Мин. температура
3882,25017,2016-01-06,-38.9,Мин. температура
3882,25017,2016-02-17,-22.0,Макс. температура
3882,25017,2016-03-11,-31.8,Макс. температура
3882,25017,2016-03-24,-22.1,Мин. температура
3882,25017,2016-04-28,-26.2,Мин. температура
3882,25017,2016-06-08,1.6,Мин. температура
3882,25017,2016-08-04,7.1,Мин. температура
3882,25017,2016-08-10,15.0,Макс. температура
3882,25017,2016-08-13,12.6,Макс. температура
3882,25017,2016-08-21,8.4,Макс. температура
3882,25017,2016-09-19,0.9,Мин. температура
3882,25017,2016-10-11,-0.1,Мин. температура
3882,25017,2016-10-15,-4.5,Мин. температура
3882,25017,2016-11-13,-34.1,Мин. температура
3882,25017,2017-03-23,-7.3,Макс. температура
3882,25017,2017-04-23,-14.0,Мин. температура
3882,25017,2017-11-05,-21.5,Мин. температура
3882,25017,2017-11-12,-15.0,Макс. температура
3882,25017,2018-02-06,-26.2,Мин. температура
3882,25017,2018-02-10,-23.0,Мин. температура
3882,25017,2018-02-28,-27.6,Мин. температура
3882,25017,2018-03-01,-21.8,Макс. температура
3882,25017,2018-03-01,-27.0,Мин. температура
3882,25017,2018-03-04,-22.6,Макс. температура
3882,25017,2018-04-21,-10.6,Макс. температура
3882,25017,2018-04-24,-20.8,Мин. температура
3882,25017,2018-04-30,-10.0,Мин. температура
3882,25017,2018-05-10,-10.0,Макс. температура
3882,25017,2018-05-13,-2.0,Макс. температура
3882,25017,2018-05-15,-4.8,Мин. температура
3882,25017,2018-05-24,-4.3,Мин. температура
3882,25017,2018-11-30,-18.6,Макс. температура
3882,25017,2018-12-30,-34.2,Макс. температура
3882,25017,2019-03-29,-22.7,Мин. температура
3882,25017,2019-04-26,-5.5,Мин. температура
3882,25017,2019-07-01,4.6,Мин. температура
3882,25017,2019-10-01,-0.6,Макс. температура
3882,25017,2019-10-29,-27.0,Мин. температура
3882,25017,2019-10-30,-28.9,Мин. температура
3882,25017,2019-12-25,-18.6,Макс. температура
3882,25017,2020-03-12,-34.5,Макс. температура
3882,25017,2020-06-04,10.5,Макс. температура
3882,25017,2020-06-13,0.1,Мин. температура
3882,25017,2020-08-05,5.5,Мин. температура
3882,25017,2020-09-29,8.0,Макс. температура
3882,25017,2020-10-03,-3.5,Мин. температура
3882,25017,2020-11-30,-17.5,Макс. температура
3882,25017,2020-12-03,-20.7,Макс. температура
3882,25017,2021-01-13,-45.5,Мин. температура
3882,25017,2021-01-30,-35.5,Мин. температура
3882,25017,2021-02-24,-31.2,Макс. температура
3882,25017,2021-05-01,-13.1,Мин. температура
3882,25017,2021-08-22,4.9,Мин. температура
3882,25017,2021-09-05,8.6,Макс. температура
3882,25017,2021-11-25,-27.0,Мин. температура
3882,25017,2022-01-05,-23.5,Макс. температура
3882,25017,2022-01-10,-32.5,Мин. температура
3882,25017,2022-01-13,-31.6,Макс. температура
3882,25017,2022-01-23,-39.0,Мин. температура
3882,25017,2022-03-04,-25.0,Макс. температура
3882,25017,2022-04-20,-9.7,Мин. температура
3882,25017,2022-05-16,-9.6,Мин. температура
3882,25017,2022-05-20,6.3,Макс. температура
3882,25017,2022-06-16,1.8,Мин. температура
3882,25017,2022-07-04,5.3,Мин. температура
3882,25017,2022-08-13,4.1,Мин. температура
3882,25017,2022-08-26,8.8,Макс. температура
3882,25017,2022-08-29,7.5,Макс. температура
3882,25017,2022-10-09,-5.0,Мин. температура
3882,25017,2022-10-17,-11.2,Мин. температура
3882,25017,2022-11-22,-31.8,Мин. температура
3882,25017,2023-02-02,-20.4,Макс. температура
3882,25017,2023-03-16,-14.2,Макс. температура
3882,25017,2023-03-18,-1.3,Макс. температура
3882,25017,2023-03-26,-36.0,Мин. температура
3882,25017,2023-04-18,-8.6,Макс. температура
3882,25017,2023-05-04,-2.9,Макс. температура
3882,25017,2023-05-27,7.5,Макс. температура
3882,25017,2023-07-16,31.4,Макс. температура
3882,25017,2023-07-26,14.6,Макс. температура
3882,25017,2023-08-22,4.3,Мин. температура
3882,25017,2023-09-08,6.9,Макс. температура
3882,25017,2023-09-21,5.2,Макс. температура
3882,25017,2023-10-01,2.1,Макс. температура
3882,25017,2023-12-16,-26.1,Мин. температура
3882,25017,2023-12-25,-35.7,Макс. температура
3882,25017,2024-01-19,-46.8,Мин. температура
3882,25017,2024-03-10,-37.1,Мин. температура
3882,25017,2024-04-25,-11.7,Макс. температура
3882,25017,2024-05-09,-6.9,Мин. температура
3882,25017,2024-06-14,6.0,Мин. температура
3882,25017,2024-06-18,24.7,Макс. температура
3882,25017,2024-08-18,11.2,Макс. температура
3882,25017,2024-08-31,4.7,Мин. температура
3882,25017,2024-10-08,-2.6,Макс. температура
3882,25017,2024-10-15,-10.1,Мин. температура
3882,25017,2024-10-31,-8.4,Мин. температура
3882,25017,2024-11-04,-10.9,Макс. температура
3882,25017,2024-11-21,-26.0,Макс. температура
3882,25017,2024-12-27,-31.0,Мин. температура
3882,25017,2015-03-24,-11.8,Макс. температура
3882,25017,2015-03-31,-32.5,Мин. температура
3882,25017,2015-04-06,-19.3,Мин. температура
3882,25017,2015-05-01,-6.2,Макс. температура
3882,25017,2015-05-03,-6.7,Макс. температура
3882,25017,2015-05-30,-1.6,Мин. температура
3882,25017,2015-07-15,8.6,Мин. температура
3882,25017,2015-07-26,16.0,Мин. температура
3882,25017,2015-08-24,2.2,Мин. температура
3882,25017,2015-09-24,2.4,Макс. температура
3882,25017,2015-09-25,-2.4,Мин. температура
3882,25017,2015-11-14,-21.5,Макс. температура
3882,25017,2015-11-27,-30.6,Мин. температура
3882,25017,2016-01-22,-28.4,Макс. температура
3882,25017,2016-05-10,-10.2,Макс. температура
3882,25017,2016-06-21,5.9,Макс. температура
3882,25017,2016-08-17,10.9,Макс. температура
3882,25017,2016-08-19,4.0,Мин. температура
3882,25017,2016-09-22,6.4,Макс. температура
3882,25017,2016-10-01,0.3,Макс. температура
3882,25017,2016-11-11,-20.2,Макс. температура
3882,25017,2016-11-16,-13.3,Макс. температура
3882,25017,2016-11-26,-8.0,Макс. температура
3882,25017,2017-01-29,-43.5,Мин. температура
3882,25017,2017-02-15,-36.4,Мин. температура
3882,25017,2017-03-07,-17.0,Макс. температура
3882,25017,2017-03-09,-26.0,Мин. температура
3882,25017,2017-03-17,-16.2,Макс. температура
3882,25017,2017-04-06,-17.8,Мин. температура
3882,25017,2017-04-10,-18.2,Мин. температура
3882,25017,2017-04-24,-15.7,Мин. температура
3882,25017,2017-05-24,1.4,Макс. температура
3882,25017,2017-11-17,-23.9,Мин. температура
3882,25017,2017-12-06,-21.9,Мин. температура
3882,25017,2018-01-01,-26.0,Мин. температура
3882,25017,2018-02-02,-20.8,Мин. температура
3882,25017,2018-02-06,-20.5,Макс. температура
3882,25017,2018-03-11,-37.5,Мин. температура
3882,25017,2018-04-29,-11.5,Мин. температура
3882,25017,2018-05-11,-18.5,Мин. температура
3882,25017,2018-11-16,-21.6,Макс. температура
3882,25017,2018-11-23,,Макс. температура
3882,25017,2018-12-16,-41.5,Мин. температура
3882,25017,2019-01-23,-35.0,Мин. температура
3882,25017,2019-03-15,-34.8,Мин. температура
3882,25017,2019-03-30,-24.9,Мин. температура
3882,25017,2019-08-12,8.8,Мин. температура
3882,25017,2019-08-30,3.8,Макс. температура
3882,25017,2019-09-03,12.5,Макс. температура
3882,25017,2019-09-05,10.0,Макс. температура
3882,25017,2019-09-18,2.5,Мин. температура
3882,25017,2019-09-21,-2.2,Мин. температура
3882,25017,2019-10-23,-10.0,Макс. температура
3882,25017,2019-11-15,-8.7,Макс. температура
3882,25017,2019-12-17,-31.3,Мин. температура
3882,25017,2019-12-18,-29.0,Макс. температура
3882,25017,2020-03-23,-28.1,Мин. температура
3882,25017,2020-04-17,-30.0,Мин. температура
3882,25017,2020-05-31,3.7,Мин. температура
3882,25017,2020-06-29,14.0,Макс. температура
3882,25017,2020-08-13,5.6,Мин. температура
3882,25017,2020-08-17,5.5,Мин. температура
3882,25017,2020-09-05,0.2,Мин. температура
3882,25017,2020-09-21,-3.5,Мин. температура
3882,25017,2020-11-22,-20.8,Мин. температура
3882,25017,2020-12-24,-23.5,Мин. температура
3882,25017,2021-02-03,-30.5,Мин. температура
3882,25017,2021-03-09,-30.3,Мин. температура
3882,25017,2021-03-29,-16.0,Макс. температура
3882,25017,2021-05-11,-5.4,Макс. температура
3882,25017,2021-05-11,-9.0,Мин. температура
3882,25017,2021-06-27,13.4,Мин. температура
3882,25017,2021-07-21,15.5,Макс. температура
3882,25017,2021-10-24,-17.1,Мин. температура
3882,25017,2021-10-26,-25.0,Мин. температура
3882,25017,2021-11-16,-13.5,Мин. температура
3882,25017,2021-11-30,-36.4,Мин. температура
3882,25017,2021-12-05,-40.6,Мин. температура
3882,25017,2022-02-08,-35.6,Макс. температура
3882,25017,2022-03-17,-30.0,Мин. температура
3882,25017,2022-04-20,1.5,Макс. температура
3882,25017,2022-06-17,-0.1,Мин. температура
3882,25017,2022-06-25,2.8,Мин. температура
3882,25017,2022-07-02,6.7,Мин. температура
3882,25017,2022-07-12,19.2,Макс. температура
3882,25017,2022-07-17,11.9,Макс. температура
3882,25017,2022-07-27,2.5,Мин. температура
3882,25017,2022-08-24,6.7,Мин. температура
3882,25017,2022-08-31,-0.2,Мин. температура
3882,25017,2022-09-08,6.8,Мин. температура
3882,25017,2022-10-05,-6.2,Мин. температура
3882,25017,2022-11-24,-27.4,Макс. температура
3882,25017,2023-02-12,-48.3,Мин. температура
3882,25017,2023-07-07,22.2,Макс. температура
3882,25017,2023-08-03,13.5,Макс. температура
3882,25017,2023-08-14,5.9,Мин. температура
3882,25017,2023-09-07,12.1,Макс. температура
3882,25017,2023-09-20,6.0,Макс. температура
3882,25017,2023-10-08,-4.0,Макс. температура
3882,25017,2023-10-17,-8.1,Макс. температура
3882,25017,2023-11-15,-19.0,Макс. температура
3882,25017,2023-11-19,-32.9,Макс. температура
3882,25017,2023-12-27,-39.4,Макс. температура
3882,25017,2024-02-04,-30.4,Макс. температура
3882,25017,2024-02-06,-33.9,Мин. температура
3882,25017,2024-03-15,-27.5,Мин. температура
3882,25017,2024-03-31,-20.6,Макс. температура
3882,25017,2024-06-25,13.8,Макс. температура
3882,25017,2024-07-01,12.4,Мин. температура
3882,25017,2024-07-19,14.0,Макс. температура
3882,25017,2024-07-20,11.6,Мин. температура
3882,25017,2024-08-16,12.9,Макс. температура
3882,25017,2024-09-09,-0.4,Мин. температура
3882,25017,2024-10-14,-7.6,Макс. температура
3882,25017,2024-10-29,-10.5,Макс. температура
3882,25017,2024-11-07,-22.6,Макс. температура
3882,25017,2024-11-11,-30.9,Мин. температура
3882,25017,2024-11-19,-18.2,Макс. температура
3882,25017,2024-12-29,-42.9,Макс. температура
3882,25017,2015-01-12,,Макс. температура
3882,25017,2015-01-22,-40.7,Макс. температура
3882,25017,2015-02-13,-28.0,Макс. температура
3882,25017,2015-03-02,-34.4,Макс. температура
3882,25017,2015-04-27,-12.6,Макс. температура
3882,25017,2015-06-10,1.3,Мин. температура
3882,25017,2015-08-03,9.4,Макс. температура
3882,25017,2015-08-15,2.3,Мин. температура
3882,25017,2015-08-27,11.3,Макс. температура
3882,25017,2015-09-14,3.6,Мин. температура
3882,25017,2015-09-21,7.0,Макс. температура
3882,25017,2015-09-26,-0.7,Макс. температура
3882,25017,2015-10-12,-5.0,Макс. температура
3882,25017,2015-10-29,-22.5,Мин. температура
3882,25017,2015-11-13,-29.2,Мин. температура
3882,25017,2015-11-20,-14.2,Макс. температура
3882,25017,2015-12-03,-27.7,Мин. температура
3882,25017,2015-12-29,-39.7,Мин. температура
3882,25017,2016-02-05,-32.2,Мин. температура
3882,25017,2016-02-22,-27.6,Макс. температура
3882,25017,2016-02-23,-31.9,Мин. температура
3882,25017,2016-03-03,-22.5,Макс. температура
3882,25017,2016-04-28,-12.8,Макс. температура
3882,25017,2016-06-12,4.0,Мин. температура
3882,25017,2016-06-15,8.0,Макс. температура
3882,25017,2016-06-28,8.9,Мин. температура
3882,25017,2016-07-28,8.9,Мин. температура
3882,25017,2016-09-26,-2.8,Мин. температура
3882,25017,2016-09-29,0.1,Макс. температура
3882,25017,2016-09-30,1.2,Макс. температура
3882,25017,2016-11-14,-29.5,Мин. температура
3882,25017,2016-11-26,-26.8,Мин. температура
3882,25017,2016-12-26,-16.2,Макс. температура
3882,25017,2017-01-06,-20.4,Макс. температура
3882,25017,2017-01-17,-20.4,Макс. температура
3882,25017,2017-01-19,-31.9,Макс. температура
3882,25017,2017-03-26,-21.0,Мин. температура
3882,25017,2017-04-04,-22.7,Мин. температура
3882,25017,2017-04-22,-3.9,Макс. температура
3882,25017,2017-05-14,0.4,Макс. температура
3882,25017,2017-05-14,-7.4,Мин. температура
3882,25017,2017-05-20,4.0,Макс. температура
3882,25017,2017-05-27,-0.9,Макс. температура
3882,25017,2017-11-14,-11.6,Макс. температура
3882,25017,2017-11-24,-33.1,Мин. температура
3882,25017,2017-12-23,-34.5,Мин. температура
3882,25017,2018-01-27,-21.0,Макс. температура
3882,25017,2018-03-21,-37.5,Мин. температура
3882,25017,2018-04-24,-5.6,Макс. температура
3882,25017,2018-11-07,-22.4,Мин. температура
3882,25017,2018-12-01,-10.0,Макс. температура
3882,25017,2018-12-03,-14.1,Макс. температура
3882,25017,2018-12-19,-40.7,Макс. температура
3882,25017,2018-12-24,-35.2,Макс. температура
3882,25017,2019-01-18,-45.0,Мин. температура
3882,25017,2019-03-09,-25.5,Мин. температура
3882,25017,2019-03-23,-34.5,Мин. температура
3882,25017,2019-07-13,15.0,Мин. температура
3882,25017,2019-08-19,5.1,Мин. температура
3882,25017,2019-09-06,0.9,Мин. температура
3882,25017,2019-10-12,-2.1,Макс. температура
3882,25017,2019-10-12,-10.9,Мин. температура
3882,25017,2019-12-11,-29.0,Макс. температура
3882,25017,2019-12-19,-29.5,Макс. температура
3882,25017,2019-12-28,-24.2,Макс. температура
3882,25017,2020-03-13,-25.2,Макс. температура
3882,25017,2020-05-25,-0.8,Мин. температура
3882,25017,2020-09-20,-0.7,Мин. температура
3882,25017,2020-09-26,5.0,Макс. температура
3882,25017,2020-10-14,-12.5,Мин. температура
3882,25017,2020-10-29,-11.7,Макс. температура
3882,25017,2021-01-01,-36.2,Макс. температура
3882,25017,2021-02-27,-22.6,Макс. температура
3882,25017,2021-03-07,-25.2,Мин. температура
3882,25017,2021-04-05,-22.5,Макс. температура
3882,25017,2021-04-06,-33.0,Мин. температура
3882,25017,2021-04-13,-11.8,Макс. температура
3882,25017,2021-08-29,1.0,Мин. температура
3882,25017,2021-10-17,-6.7,Макс. температура
3882,25017,2021-11-15,-18.7,Мин. температура
3882,25017,2021-11-21,-27.4,Мин. температура
3882,25017,2022-03-01,-18.2,Мин. температура
3882,25017,2022-03-09,-18.6,Макс. температура
3882,25017,2022-04-29,-9.5,Макс. температура
3882,25017,2022-07-03,15.0,Макс. температура
3882,25017,2022-07-08,6.3,Мин. температура
3882,25017,2022-07-15,18.5,Макс. температура
3882,25017,2022-08-20,9.8,Мин. температура
3882,25017,2022-08-28,6.1,Мин. температура
3882,25017,2022-09-07,2.8,Мин. температура
3882,25017,2022-09-16,2.5,Макс. температура
3882,25017,2022-09-18,5.9,Макс. температура
3882,25017,2022-09-22,6.1,Макс. температура
3882,25017,2022-10-20,-5.5,Макс. температура
3882,25017,2022-11-04,-24.9,Макс. температура
3882,25017,2022-11-18,-27.5,Мин. температура
3882,25017,2022-11-26,-33.4,Мин. температура
3882,25017,2022-12-03,-29.7,Макс. температура
3882,25017,2022-12-22,-8.9,Макс. температура
3882,25017,2022-12-24,-20.7,Макс. температура
3882,25017,2023-01-02,-45.3,Мин. температура
3882,25017,2023-01-15,-32.0,Макс. температура
3882,25017,2023-01-24,-26.0,Макс. температура
3882,25017,2023-02-19,-47.3,Мин. температура
3882,25017,2023-03-10,-41.6,Мин. температура
3882,25017,2023-04-28,-7.7,Макс. температура
3882,25017,2023-05-16,7.6,Макс. температура
3882,25017,2023-07-01,2.1,Мин. температура
3882,25017,2023-08-01,6.3,Мин. температура
3882,25017,2023-10-03,-1.6,Макс. температура
3882,25017,2023-10-18,-6.6,Макс. температура
3882,25017,2023-10-30,-22.9,Мин. температура
3882,25017,2023-11-04,-12.8,Мин. температура
3882,25017,2023-12-04,-34.8,Мин. температура
3882,25017,2023-12-19,-34.2,Мин. температура
3882,25017,2024-01-03,-39.2,Мин. температура
3882,25017,2024-02-19,-38.5,Мин. температура
3882,25017,2024-04-01,-13.8,Макс. температура
3882,25017,2024-04-15,-15.3,Макс. температура
3882,25017,2015-04-17,-23.6,Мин. температура
3882,25017,2015-05-13,5.1,Макс. температура
3882,25017,2015-05-23,-8.8,Мин. температура
3882,25017,2015-08-11,13.7,Макс. температура
3882,25017,2015-09-13,5.4,Мин. температура
3882,25017,2015-11-12,-11.8,Макс. температура
3882,25017,2016-03-04,-32.7,Макс. температура
3882,25017,2016-05-10,-18.0,Мин. температура
3882,25017,2016-05-20,0.0,Мин. температура
3882,25017,2016-06-02,3.4,Мин. температура
3882,25017,2016-08-04,25.3,Макс. температура
3882,25017,2016-08-16,13.0,Макс. температура
3882,25017,2016-09-09,8.7,Мин. температура
3882,25017,2016-10-14,-5.5,Мин. температура
3882,25017,2016-11-03,-2.5,Макс. температура
3882,25017,2016-11-25,-7.5,Макс. температура
3882,25017,2016-12-27,-16.3,Макс. температура
3882,25017,2017-01-13,-32.2,Макс. температура
3882,25017,2017-01-21,-38.0,Мин. температура
3882,25017,2017-03-27,-9.5,Макс. температура
3882,25017,2017-04-02,-15.6,Мин. температура
3882,25017,2017-11-21,-26.5,Мин. температура
3882,25017,2017-12-03,-12.5,Макс. температура
3882,25017,2018-03-09,-27.0,Макс. температура
3882,25017,2018-04-08,-17.5,Мин. температура
3882,25017,2018-05-25,-5.0,Мин. температура
3882,25017,2018-05-26,-1.1,Макс. температура
3882,25017,2018-11-25,,Макс. температура
3882,25017,2018-12-22,-36.4,Мин. температура
3882,25017,2019-04-23,4.0,Макс. температура
3882,25017,2019-07-04,8.8,Мин. температура
3882,25017,2019-07-25,4.4,Мин. температура
3882,25017,2019-08-17,18.5,Макс. температура
3882,25017,2019-09-22,-0.6,Макс. температура
3882,25017,2019-11-12,-20.5,Мин. температура
3882,25017,2019-11-23,-32.0,Мин. температура
3882,25017,2019-11-25,-41.0,Мин. температура
3882,25017,2019-12-27,-21.1,Макс. температура
3882,25017,2020-02-27,-37.2,Мин. температура
3882,25017,2020-03-01,-8.0,Макс. температура
3882,25017,2020-03-03,-17.4,Макс. температура
3882,25017,2020-04-30,-7.6,Мин. температура
3882,25017,2020-06-19,31.2,Макс. температура
3882,25017,2020-10-19,-2.0,Макс. температура
3882,25017,2020-11-03,-24.4,Мин. температура
3882,25017,2020-11-18,-24.5,Мин. температура
3882,25017,2021-01-06,-21.5,Макс. температура
3882,25017,2021-03-21,-19.4,Макс. температура
3882,25017,2021-04-08,-17.1,Макс. температура
3882,25017,2021-05-18,7.0,Макс. температура
3882,25017,2021-05-19,8.1,Макс. температура
3882,25017,2021-06-02,6.8,Мин. температура
3882,25017,2021-06-21,6.2,Мин. температура
3882,25017,2021-07-05,27.9,Макс. температура
3882,25017,2021-07-23,13.4,Макс. температура
3882,25017,2021-08-23,5.0,Мин. температура
3882,25017,2021-09-02,5.8,Макс. температура
3882,25017,2021-09-29,-4.9,Мин. температура
3882,25017,2021-10-15,-6.5,Мин. температура
3882,25017,2021-11-25,-23.0,Макс. температура
3882,25017,2021-12-11,-39.5,Макс. температура
3882,25017,2021-12-29,-31.3,Макс. температура
3882,25017,2022-01-02,-23.3,Макс. температура
3882,25017,2022-01-19,-40.5,Макс. температура
3882,25017,2022-03-08,-31.0,Мин. температура
3882,25017,2022-03-10,-25.6,Мин. температура
3882,25017,2022-04-13,-26.0,Мин. температура
3882,25017,2022-05-08,-3.5,Макс. температура
3882,25017,2022-05-27,-3.8,Мин. температура
3882,25017,2022-06-02,17.0,Макс. температура
3882,25017,2022-06-08,6.5,Макс. температура
3882,25017,2022-06-21,9.5,Макс. температура
3882,25017,2022-07-13,20.2,Макс. температура
3882,25017,2022-08-18,9.2,Мин. температура
3882,25017,2022-10-06,2.7,Макс. температура
3882,25017,2022-10-11,-3.1,Макс. температура
3882,25017,2022-11-14,-30.6,Макс. температура
3882,25017,2022-12-10,-43.1,Мин. температура
3882,25017,2023-03-02,-43.3,Мин. температура
3882,25017,2023-03-06,-47.5,Мин. температура
3882,25017,2023-04-07,-19.2,Макс. температура
3882,25017,2023-05-28,7.7,Макс. температура
3882,25017,2023-10-17,-17.7,Мин. температура
3882,25017,2024-03-25,-18.0,Макс. температура
3882,25017,2024-04-17,-2.6,Макс. температура
3882,25017,2024-04-23,-22.1,Мин. температура
3882,25017,2024-05-11,-3.8,Макс. температура
3882,25017,2024-06-17,11.9,Мин. температура
3882,25017,2024-07-08,15.6,Макс. температура
3882,25017,2024-08-13,6.1,Макс. температура
3882,25017,2024-08-29,6.3,Макс. температура
3882,25017,2024-09-06,0.9,Мин. температура
3882,25017,2024-10-23,-7.6,Макс. температура
3882,25017,2024-12-02,-17.4,Макс. температура
3882,25017,2024-12-29,-44.7,Мин. температура
3882,25017,2015-01-16,-22.4,Макс. температура
3882,25017,2015-01-30,-23.8,Макс. температура
3882,25017,2015-02-22,-26.0,Макс. температура
3882,25017,2015-03-17,-37.0,Мин. температура
3882,25017,2015-04-07,-23.2,Мин. температура
3882,25017,2015-05-11,-16.5,Мин. температура
3882,25017,2015-06-16,0.8,Мин. температура
3882,25017,2015-07-04,25.1,Макс. температура
3882,25017,2015-07-12,11.1,Мин. температура
3882,25017,2015-07-16,12.2,Макс. температура
3882,25017,2015-09-05,6.7,Макс. температура
3882,25017,2015-09-07,-3.0,Мин. температура
3882,25017,2015-09-15,5.1,Макс. температура
3882,25017,2015-09-24,-1.2,Мин. температура
3882,25017,2015-10-03,-3.9,Макс. температура
3882,25017,2015-10-23,-6.6,Макс. температура
3882,25017,2015-12-22,-35.2,Мин. температура
3882,25017,2016-01-09,-14.5,Макс. температура
3882,25017,2016-01-17,-38.7,Мин. температура
3882,25017,2016-02-05,-25.2,Макс. температура
3882,25017,2016-03-10,-40.3,Мин. температура
3882,25017,2016-03-17,-36.6,Мин. температура
3882,25017,2016-03-23,-21.4,Мин. температура
3882,25017,2016-05-03,-9.3,Макс. температура
3882,25017,2016-05-09,-15.2,Мин. температура
3882,25017,2016-06-10,25.0,Макс. температура
3882,25017,2016-06-17,11.6,Макс. температура
3882,25017,2016-06-23,1.6,Мин. температура
3882,25017,2016-07-03,9.8,Макс. температура
3882,25017,2016-07-05,10.8,Макс. температура
3882,25017,2016-08-30,4.1,Мин. температура
3882,25017,2016-09-01,12.6,Макс. температура
3882,25017,2016-10-23,-19.2,Мин. температура
3882,25017,2016-10-25,-0.8,Макс. температура
3882,25017,2016-11-10,-24.5,Мин. температура
3882,25017,2017-03-10,-12.2,Макс. температура
3882,25017,2017-03-19,-25.0,Мин. температура
3882,25017,2017-04-24,-4.5,Макс. температура
3882,25017,2017-11-11,-20.0,Мин. температура
3882,25017,2017-11-23,-33.9,Мин. температура
3882,25017,2017-12-15,-14.0,Макс. температура
3882,25017,2017-12-30,-29.0,Макс. температура
3882,25017,2018-02-20,-31.0,Мин. температура
3882,25017,2018-05-28,-4.0,Мин. температура
3882,25017,2018-11-01,-5.4,Макс. температура
3882,25017,2018-11-06,-21.3,Мин. температура
3882,25017,2018-11-24,,Макс. температура
3882,25017,2019-01-13,-34.7,Мин. температура
3882,25017,2019-02-06,-30.9,Макс. температура
3882,25017,2019-04-07,-19.0,Мин. температура
3882,25017,2019-08-02,2.3,Мин. температура
3882,25017,2019-10-18,-5.4,Макс. температура
3882,25017,2019-10-21,-7.6,Макс. температура
3882,25017,2019-10-27,-16.8,Мин. температура
3882,25017,2019-11-07,-11.1,Мин. температура
3882,25017,2019-11-28,-38.3,Мин. температура
3882,25017,2019-12-04,-26.9,Мин. температура
3882,25017,2019-12-17,-27.5,Макс. температура
3882,25017,2020-01-09,-32.0,Макс. температура
3882,25017,2020-01-28,-34.4,Мин. температура
3882,25017,2020-03-05,-27.0,Мин. температура
3882,25017,2020-03-30,-3.0,Макс. температура
3882,25017,2020-04-02,-27.5,Мин. температура
3882,25017,2020-05-06,-8.5,Мин. температура
3882,25017,2020-05-12,6.9,Макс. температура
3882,25017,2020-05-28,16.0,Макс. температура
3882,25017,2020-06-22,12.1,Мин. температура
3882,25017,2020-09-29,2.2,Мин. температура
3882,25017,2020-11-01,-11.0,Мин. температура
3882,25017,2020-11-02,-23.0,Мин. температура
3882,25017,2020-11-04,-31.0,Мин. температура
3882,25017,2020-12-20,-13.0,Макс. температура
3882,25017,2020-12-28,-42.6,Мин. температура
3882,25017,2021-03-29,-29.5,Мин. температура
3882,25017,2021-06-17,6.2,Мин. температура
3882,25017,2021-07-20,6.1,Мин. температура
3882,25017,2021-08-24,2.9,Мин. температура
3882,25017,2021-08-27,13.0,Макс. температура
3882,25017,2021-09-21,-3.3,Мин. температура
3882,25017,2021-10-14,-12.7,Мин. температура
3882,25017,2021-11-08,-13.7,Макс. температура
3882,25017,2021-12-20,-26.7,Макс. температура
3882,25017,2021-12-28,-31.0,Макс. температура
3882,25017,2022-01-30,-22.3,Макс. температура
3882,25017,2022-02-05,-25.4,Макс. температура
3882,25017,2022-04-15,-16.3,Мин. температура
3882,25017,2022-04-19,-7.0,Макс. температура
3882,25017,2022-06-17,13.5,Макс. температура
3882,25017,2022-06-27,4.0,Мин. температура
3882,25017,2022-12-27,-26.9,Мин. температура
3882,25017,2023-02-25,-40.3,Мин. температура
3882,25017,2023-03-01,-41.0,Мин. температура
3882,25017,2023-03-03,-38.0,Макс. температура
3882,25017,2023-05-11,-9.0,Мин. температура
3882,25017,2023-05-17,9.4,Макс. температура
3882,25017,2023-06-13,4.5,Макс. температура
3882,25017,2023-08-19,5.4,Мин. температура
3882,25017,2023-09-13,3.2,Мин. температура
3882,25017,2023-10-20,-21.2,Мин. температура
3882,25017,2023-12-25,-39.6,Мин. температура
3882,25017,2024-01-09,-38.2,Мин. температура
3882,25017,2024-03-16,-17.0,Макс. температура
3882,25017,2024-03-29,-27.6,Мин. температура
3882,25017,2024-04-03,-25.6,Мин. температура
3882,25017,2024-09-03,9.0,Макс. температура
3882,25017,2024-10-16,-19.2,Мин. температура
3882,25017,2024-10-24,-9.0,Макс. температура
3882,25017,2024-10-25,-15.4,Макс. температура
3882,25017,2024-11-01,-8.4,Мин. температура
3882,25017,2015-03-12,-37.5,Мин. температура
3882,25017,2015-03-14,-20.5,Макс. температура
3882,25017,2015-03-18,-26.5,Мин. температура
3882,25017,2015-03-30,-23.0,Макс. температура
3882,25017,2015-04-21,-9.8,Макс. температура
3882,25017,2015-05-14,-2.5,Мин. температура
3882,25017,2015-05-21,-6.2,Мин. температура
3882,25017,2015-06-01,7.7,Макс. температура
3882,25017,2015-06-24,13.3,Макс. температура
3882,25017,2015-07-01,4.7,Мин. температура
3882,25017,2015-08-15,8.8,Макс. температура
3882,25017,2015-08-30,17.0,Макс. температура
3882,25017,2015-10-29,-16.6,Макс. температура
3882,25017,2015-11-02,-21.0,Мин. температура
3882,25017,2015-11-15,-19.6,Макс. температура
3882,25017,2016-02-08,-36.2,Мин. температура
3882,25017,2016-03-08,-29.2,Макс. температура
3882,25017,2016-03-18,-36.6,Мин. температура
3882,25017,2016-03-20,-15.5,Макс. температура
3882,25017,2016-05-04,-17.2,Мин. температура
3882,25017,2016-06-13,3.7,Мин. температура
3882,25017,2016-06-23,19.0,Макс. температура
3882,25017,2016-06-29,4.0,Мин. температура
3882,25017,2016-07-14,6.3,Мин. температура
3882,25017,2016-08-15,14.1,Макс. температура
3882,25017,2016-11-05,-3.8,Мин. температура
3882,25017,2016-11-12,-24.5,Макс. температура
3882,25017,2016-11-30,-22.0,Макс. температура
3882,25017,2017-01-23,-33.0,Макс. температура
3882,25017,2017-02-09,-23.2,Макс. температура
3882,25017,2017-04-03,-7.4,Макс. температура
3882,25017,2017-04-13,-28.5,Мин. температура
3882,25017,2017-06-01,0.5,Макс. температура
3882,25017,2017-11-22,-35.5,Мин. температура
3882,25017,2017-12-08,-11.6,Макс. температура
3882,25017,2017-12-30,-32.9,Мин. температура
3882,25017,2018-01-26,-20.1,Макс. температура
3882,25017,2018-03-16,-38.0,Мин. температура
3882,25017,2018-04-05,-11.5,Мин. температура
3882,25017,2018-05-02,-1.0,Макс. температура
3882,25017,2018-11-16,-26.5,Мин. температура
3882,25017,2019-01-15,-31.4,Макс. температура
3882,25017,2019-07-28,4.8,Мин. температура
3882,25017,2019-08-22,12.0,Макс. температура
3882,25017,2019-08-23,15.6,Макс. температура
3882,25017,2019-09-01,0.2,Мин. температура
3882,25017,2019-10-28,-15.0,Макс. температура
3882,25017,2019-11-05,-25.9,Мин. температура
3882,25017,2019-11-06,-26.9,Мин. температура
3882,25017,2020-01-04,-31.6,Мин. температура
3882,25017,2020-05-10,-10.0,Мин. температура
3882,25017,2020-05-18,-3.5,Мин. температура
3882,25017,2020-06-20,31.1,Макс. температура
3882,25017,2020-06-28,4.0,Мин. температура
3882,25017,2020-08-14,4.0,Мин. температура
3882,25017,2020-10-13,-10.0,Мин. температура
3882,25017,2020-11-24,-19.6,Мин. температура
3882,25017,2020-12-04,-37.5,Мин. температура
3882,25017,2020-12-08,-31.5,Мин. температура
3882,25017,2020-12-16,-25.0,Мин. температура
3882,25017,2020-12-21,-22.6,Макс. температура
3882,25017,2021-01-07,-34.4,Мин. температура
3882,25017,2021-02-22,-35.1,Макс. температура
3882,25017,2021-03-03,-40.9,Мин. температура
3882,25017,2021-03-05,-19.5,Макс. температура
3882,25017,2021-05-31,21.0,Макс. температура
3882,25017,2021-08-14,8.8,Мин. температура
3882,25017,2021-10-12,-7.2,Макс. температура
3882,25017,2021-11-22,-23.0,Мин. температура
3882,25017,2021-12-03,-38.5,Мин. температура
3882,25017,2021-12-28,-43.5,Мин. температура
3882,25017,2022-02-06,-27.7,Макс. температура
3882,25017,2022-02-08,-40.0,Мин. температура
3882,25017,2022-04-22,-20.5,Мин. температура
3882,25017,2022-07-01,10.7,Мин. температура
3882,25017,2022-08-06,17.0,Макс. температура
3882,25017,2022-09-11,5.3,Мин. температура
3882,25017,2022-09-16,-1.5,Мин. температура
3882,25017,2022-10-01,-2.9,Мин. температура
3882,25017,2022-10-28,-11.3,Макс. температура
3882,25017,2022-11-01,-14.6,Макс. температура
3882,25017,2022-11-02,-25.4,Мин. температура
3882,25017,2022-11-15,-38.9,Мин. температура
3882,25017,2022-12-11,-41.1,Макс. температура
3882,25017,2023-01-19,-33.0,Мин. температура
3882,25017,2023-01-22,-30.4,Макс. температура
3882,25017,2023-01-29,-33.1,Макс. температура
3882,25017,2023-02-10,-35.0,Макс. температура
3882,25017,2023-02-18,-43.5,Макс. температура
3882,25017,2023-05-27,-0.4,Мин. температура
3882,25017,2023-06-01,4.2,Макс. температура
3882,25017,2023-06-26,22.6,Макс. температура
3882,25017,2023-07-20,10.0,Мин. температура
3882,25017,2023-09-24,1.6,Макс. температура
3882,25017,2023-10-19,-8.7,Макс. температура
3882,25017,2023-10-20,-11.3,Макс. температура
3882,25017,2023-11-16,-26.2,Мин. температура
3882,25017,2024-01-06,-31.0,Мин. температура
3882,25017,2024-02-07,-33.1,Макс. температура
3882,25017,2024-03-13,-34.3,Мин. температура
3882,25017,2024-03-15,-19.0,Макс. температура
3882,25017,2024-05-11,-9.2,Мин. температура
3882,25017,2024-05-18,-11.1,Мин. температура
3882,25017,2024-05-28,0.3,Мин. температура
3882,25017,2024-06-16,21.1,Макс. температура
3882,25017,2024-07-21,20.4,Макс. температура
3882,25017,2024-07-23,15.5,Мин. температура
3882,25017,2024-09-18,1.1,Мин. температура
3882,25017,2024-12-11,-19.6,Макс. температура
3882,25017,2015-01-22,-44.2,Мин. температура
3882,25017,2015-05-03,-20.6,Мин. температура
3882,25017,2015-05-10,-18.4,Мин. температура
3882,25017,2015-05-31,4.2,Макс. температура
3882,25017,2015-06-14,11.0,Макс. температура
3882,25017,2015-07-03,13.0,Мин. температура
3882,25017,2015-07-27,9.6,Мин. температура
3882,25017,2015-09-04,2.1,Мин. температура
3882,25017,2015-09-09,15.8,Макс. температура
3882,25017,2015-09-20,1.3,Макс. температура
3882,25017,2015-09-22,3.0,Макс. температура
3882,25017,2015-10-30,-22.6,Мин. температура
3882,25017,2016-01-02,-25.5,Макс. температура
3882,25017,2016-04-07,-17.6,Макс. температура
3882,25017,2016-04-23,-9.0,Макс. температура
3882,25017,2016-05-07,-8.7,Макс. температура
3882,25017,2016-05-21,-1.8,Мин. температура
3882,25017,2016-06-09,3.5,Мин. температура
3882,25017,2016-06-11,19.2,Макс. температура
3882,25017,2016-07-17,5.0,Мин. температура
3882,25017,2016-09-09,12.6,Макс. температура
3882,25017,2016-10-05,-1.6,Мин. температура
3882,25017,2016-10-21,-5.9,Макс. температура
3882,25017,2016-10-24,-20.0,Мин. температура
3882,25017,2016-10-26,-3.0,Мин. температура
3882,25017,2016-12-02,-27.5,Макс. температура
3882,25017,2016-12-04,-41.5,Мин. температура
3882,25017,2017-01-15,-37.0,Мин. температура
3882,25017,2017-03-01,-33.5,Мин. температура
3882,25017,2017-04-07,-25.3,Мин. температура
3882,25017,2017-04-14,-12.5,Макс. температура
3882,25017,2017-05-13,-1.9,Макс. температура
3882,25017,2017-11-02,-14.7,Мин. температура
3882,25017,2017-11-12,-22.0,Мин. температура
3882,25017,2017-12-10,-21.0,Макс. температура
3882,25017,2017-12-21,-25.7,Макс. температура
3882,25017,2018-02-07,-21.3,Макс. температура
3882,25017,2018-02-10,-17.0,Макс. температура
3882,25017,2018-03-20,-31.6,Макс. температура
3882,25017,2018-05-12,-23.3,Мин. температура
3882,25017,2018-05-21,1.0,Макс. температура
3882,25017,2018-12-05,-38.8,Мин. температура
3882,25017,2019-01-12,-25.0,Макс. температура
3882,25017,2019-02-27,-18.7,Макс. температура
3882,25017,2019-02-28,-26.0,Мин. температура
3882,25017,2019-03-08,-21.0,Макс. температура
3882,25017,2019-03-26,-28.4,Мин. температура
3882,25017,2019-04-21,-6.2,Макс. температура
3882,25017,2019-04-29,0.5,Макс. температура
3882,25017,2019-07-19,10.4,Макс. температура
3882,25017,2019-07-21,4.4,Мин. температура
3882,25017,2019-08-26,14.2,Макс. температура
3882,25017,2019-11-08,-11.7,Мин. температура
3882,25017,2019-12-08,-36.6,Мин. температура
3882,25017,2020-05-26,-0.2,Мин. температура
3882,25017,2020-06-18,28.6,Макс. температура
3882,25017,2020-06-25,9.0,Мин. температура
3882,25017,2020-07-23,18.5,Мин. температура
3882,25017,2020-07-25,14.3,Мин. температура
3882,25017,2020-08-19,8.0,Макс. температура
3882,25017,2020-08-20,6.8,Макс. температура
3882,25017,2020-10-07,1.2,Макс. температура
3882,25017,2020-10-26,-17.0,Мин. температура
3882,25017,2020-11-09,-16.6,Мин. температура
3882,25017,2020-11-17,-26.5,Мин. температура
3882,25017,2020-11-27,-8.2,Мин. температура
3882,25017,2020-12-11,-35.6,Мин. температура
3882,25017,2021-01-04,-21.3,Макс. температура
3882,25017,2021-02-01,-33.5,Мин. температура
3882,25017,2021-02-09,-26.4,Мин. температура
3882,25017,2021-02-10,-29.0,Мин. температура
3882,25017,2021-02-21,-34.1,Макс. температура
3882,25017,2021-03-25,-22.5,Макс. температура
3882,25017,2021-03-31,-28.0,Мин. температура
3882,25017,2021-05-03,4.0,Макс. температура
3882,25017,2021-06-04,8.6,Мин. температура
3882,25017,2021-06-19,6.5,Мин. температура
3882,25017,2021-07-02,1.9,Мин. температура
3882,25017,2021-09-10,3.0,Макс. температура
3882,25017,2021-10-10,-6.0,Макс. температура
3882,25017,2021-11-28,-36.8,Мин. температура
3882,25017,2022-01-08,-15.5,Макс. температура
3882,25017,2022-02-28,-22.8,Мин. температура
3882,25017,2022-03-11,-24.0,Мин. температура
3882,25017,2022-04-12,-8.5,Макс. температура
3882,25017,2022-06-06,-1.0,Мин. температура
3882,25017,2022-06-11,4.3,Мин. температура
3882,25017,2022-07-18,2.6,Мин. температура
3882,25017,2022-10-19,-9.8,Макс. температура
3882,25017,2022-11-07,-26.6,Мин. температура
3882,25017,2022-11-25,-21.0,Макс. температура
3882,25017,2022-12-20,-18.1,Макс. температура
3882,25017,2023-01-04,-45.4,Макс. температура
3882,25017,2023-02-16,-36.9,Макс. температура
3882,25017,2023-05-11,2.5,Макс. температура
3882,25017,2023-05-26,5.6,Макс. температура
3882,25017,2023-06-27,8.1,Мин. температура
3882,25017,2023-07-01,11.9,Макс. температура
3882,25017,2023-09-17,1.1,Мин. температура
3882,25017,2023-10-25,-18.1,Мин. температура
3882,25017,2023-11-12,-27.7,Макс. температура
3882,25017,2023-12-07,-29.8,Макс. температура
3882,25017,2024-01-22,-28.0,Макс. температура
3882,25017,2024-02-25,-33.1,Мин. температура
3882,25017,2024-05-28,9.5,Макс. температура
3882,25017,2024-06-02,12.7,Макс. температура
3882,25017,2024-06-11,17.2,Макс. температура
3882,25017,2024-08-11,5.7,Мин. температура
3882,25017,2024-08-12,15.9,Макс. температура
3882,25017,2024-08-15,4.2,Мин. температура
3882,25017,2024-10-05,-0.9,Макс. температура
3882,25017,2024-10-07,-2.6,Макс. температура
3882,25017,2024-11-09,-32.6,Макс. температура
3882,25017,2015-01-23,-43.5,Мин. температура
3882,25017,2015-01-31,-40.8,Мин. температура
3882,25017,2015-02-03,-45.3,Мин. температура
3882,25017,2015-02-05,-45.6,Мин. температура
3882,25017,2015-02-12,-27.4,Макс. температура
3882,25017,2015-04-10,-15.3,Макс. температура
3882,25017,2015-05-04,-6.7,Макс. температура
3882,25017,2015-06-02,1.7,Мин. температура
3882,25017,2015-06-06,10.5,Макс. температура
3882,25017,2015-10-09,-2.7,Макс. температура
3882,25017,2015-12-15,-44.5,Мин. температура
3882,25017,2016-02-03,-32.5,Мин. температура
3882,25017,2016-02-06,-23.4,Макс. температура
3882,25017,2016-02-10,-31.0,Макс. температура
3882,25017,2016-04-14,-14.0,Макс. температура
3882,25017,2016-04-30,-25.9,Мин. температура
3882,25017,2016-06-27,8.9,Мин. температура
3882,25017,2016-06-28,12.7,Макс. температура
3882,25017,2016-10-09,-0.3,Мин. температура
3882,25017,2016-10-22,-14.5,Мин. температура
3882,25017,2016-11-15,-23.6,Мин. температура
3882,25017,2016-11-27,-29.0,Мин. температура
3882,25017,2016-12-06,-29.9,Мин. температура
3882,25017,2016-12-08,-35.2,Мин. температура
3882,25017,2016-12-30,-22.4,Макс. температура
3882,25017,2017-02-05,-31.6,Мин. температура
3882,25017,2017-03-28,-17.5,Мин. температура
3882,25017,2017-04-25,-18.8,Мин. температура
3882,25017,2017-11-20,-28.0,Мин. температура
3882,25017,2018-01-02,-20.5,Макс. температура
3882,25017,2018-01-11,-27.6,Макс. температура
3882,25017,2018-01-17,-27.2,Макс. температура
3882,25017,2018-01-25,-19.7,Макс. температура
3882,25017,2018-01-29,-17.6,Макс. температура
3882,25017,2018-02-20,-22.5,Макс. температура
3882,25017,2018-02-21,-21.4,Макс. температура
3882,25017,2018-02-22,-22.4,Мин. температура
3882,25017,2018-03-04,-35.9,Мин. температура
3882,25017,2018-03-14,-30.0,Макс. температура
3882,25017,2018-03-26,-19.0,Макс. температура
3882,25017,2018-05-08,-8.2,Макс. температура
3882,25017,2018-05-17,2.2,Макс. температура
3882,25017,2018-05-28,-0.5,Макс. температура
3882,25017,2018-11-19,,Мин. температура
3882,25017,2018-12-29,-33.7,Макс. температура
3882,25017,2019-01-26,-40.0,Мин. температура
3882,25017,2019-02-07,-22.6,Макс. температура
3882,25017,2019-02-18,-27.5,Макс. температура
3882,25017,2019-07-01,6.9,Макс. температура
3882,25017,2019-08-10,14.6,Мин. температура
3882,25017,2019-08-16,0.5,Мин. температура
3882,25017,2019-10-18,-6.5,Мин. температура
3882,25017,2019-11-15,-12.3,Мин. температура
3882,25017,2019-12-05,-19.6,Макс. температура
3882,25017,2019-12-06,-22.2,Мин. температура
3882,25017,2019-12-29,-32.9,Макс. температура
3882,25017,2020-01-24,-40.6,Макс. температура
3882,25017,2020-02-03,-33.2,Макс. температура
3882,25017,2020-02-23,-37.0,Мин. температура
3882,25017,2020-03-22,-14.5,Макс. температура
3882,25017,2020-03-29,-17.5,Мин. температура
3882,25017,2020-04-20,-7.0,Макс. температура
3882,25017,2020-05-03,-7.5,Мин. температура
3882,25017,2020-05-11,-10.5,Мин. температура
3882,25017,2020-06-02,8.7,Макс. температура
3882,25017,2020-07-16,2.0,Мин. температура
3882,25017,2020-07-20,25.1,Макс. температура
3882,25017,2020-08-30,6.5,Макс. температура
3882,25017,2020-10-31,-19.0,Мин. температура
3882,25017,2020-11-08,-12.3,Мин. температура
3882,25017,2020-12-17,-21.5,Мин. температура
3882,25017,2020-12-28,-38.0,Макс. температура
3882,25017,2021-02-26,-29.4,Мин. температура
3882,25017,2021-04-12,-29.9,Мин. температура
3882,25017,2021-04-15,-12.0,Макс. температура
3882,25017,2021-04-24,-15.2,Мин. температура
3882,25017,2021-06-01,22.0,Макс. температура
3882,25017,2021-08-06,7.7,Макс. температура
3882,25017,2021-09-03,12.0,Макс. температура
3882,25017,2021-09-14,11.0,Макс. температура
3882,25017,2021-09-30,-1.4,Макс. температура
3882,25017,2021-10-16,-6.0,Макс. температура
3882,25017,2021-11-26,-35.0,Мин. температура
3882,25017,2021-12-06,-30.5,Макс. температура
3882,25017,2022-04-06,-21.4,Макс. температура
3882,25017,2022-05-21,2.8,Мин. температура
3882,25017,2022-05-27,2.0,Макс. температура
3882,25017,2022-05-28,-2.5,Мин. температура
3882,25017,2022-06-11,20.9,Макс. температура
3882,25017,2022-06-24,7.9,Макс. температура
3882,25017,2022-07-19,2.8,Мин. температура
3882,25017,2022-09-30,0.0,Макс. температура
3882,25017,2022-10-10,-2.1,Макс. температура
3882,25017,2022-10-21,-6.6,Мин. температура
3882,25017,2022-11-20,-29.8,Мин. температура
3882,25017,2022-12-08,-38.1,Мин. температура
3882,25017,2022-12-12,-43.0,Макс. температура
3882,25017,2023-02-04,-18.8,Макс. температура
3882,25017,2023-03-07,-37.6,Макс. температура
3882,25017,2023-04-16,-10.5,Макс. температура
3882,25017,2023-05-19,0.8,Мин. температура
3882,25017,2023-05-25,8.0,Мин. температура
3882,25017,2023-06-22,10.8,Мин. температура
3882,25017,2023-08-04,4.6,Мин. температура
3882,25017,2023-09-09,8.9,Макс. температура
3882,25017,2023-09-17,4.7,Макс. температура
3882,25017,2023-11-11,-23.0,Макс. температура
3882,25017,2023-11-20,-38.0,Мин. температура
3882,25017,2023-12-10,-28.0,Мин. температура
3882,25017,2023-12-15,-19.2,Макс. температура
3882,25017,2024-02-11,-30.9,Макс. температура
3882,25017,2024-03-26,-20.4,Макс. температура
3882,25017,2024-06-21,5.5,Мин. температура
3882,25017,2024-06-30,20.5,Макс. температура
3882,25017,2024-08-30,1.6,Мин. температура
3882,25017,2024-09-19,4.6,Макс. температура
3882,25017,2024-11-29,-21.9,Макс. температура
3882,25017,2015-01-10,,Макс. температура
3882,25017,2015-01-11,,Мин. температура
3882,25017,2015-01-25,-38.0,Макс. температура
3882,25017,2015-02-01,-31.2,Макс. температура
3882,25017,2015-02-21,-27.0,Макс. температура
3882,25017,2015-03-09,-37.0,Мин. температура
3882,25017,2015-05-18,-10.1,Мин. температура
3882,25017,2015-06-15,15.5,Макс. температура
3882,25017,2015-08-20,2.0,Мин. температура
3882,25017,2015-08-28,1.9,Мин. температура
3882,25017,2015-09-07,11.8,Макс. температура
3882,25017,2015-09-22,-0.6,Мин. температура
3882,25017,2015-10-08,-2.6,Макс. температура
3882,25017,2015-10-15,-6.8,Макс. температура
3882,25017,2015-10-31,-22.6,Мин. температура
3882,25017,2015-11-20,-23.5,Мин. температура
3882,25017,2015-11-23,-20.0,Мин. температура
3882,25017,2015-11-30,-32.0,Мин. температура
3882,25017,2016-02-03,-27.9,Макс. температура
3882,25017,2016-02-09,-35.7,Мин. температура
3882,25017,2016-02-14,-39.5,Мин. температура
3882,25017,2016-02-20,-26.5,Мин. температура
3882,25017,2016-02-21,-29.9,Мин. температура
3882,25017,2016-03-06,-36.9,Мин. температура
3882,25017,2016-03-23,-14.2,Макс. температура
3882,25017,2016-05-01,-21.9,Мин. температура
3882,25017,2016-05-13,2.0,Макс. температура
3882,25017,2016-05-31,16.0,Макс. температура
3882,25017,2016-07-17,16.0,Макс. температура
3882,25017,2016-07-18,17.3,Макс. температура
3882,25017,2016-07-19,7.3,Мин. температура
3882,25017,2016-07-31,3.4,Мин. температура
3882,25017,2016-10-05,0.7,Макс. температура
3882,25017,2016-10-23,-10.9,Макс. температура
3882,25017,2016-11-04,-2.7,Макс. температура
3882,25017,2016-12-16,-26.6,Макс. температура
3882,25017,2016-12-22,-17.5,Мин. температура
3882,25017,2016-12-28,-37.5,Мин. температура
3882,25017,2017-04-14,-18.2,Мин. температура
3882,25017,2017-04-17,-2.7,Макс. температура
3882,25017,2017-04-20,-11.0,Мин. температура
3882,25017,2017-05-04,-17.4,Мин. температура
3882,25017,2017-05-30,-4.8,Мин. температура
3882,25017,2017-11-20,-11.5,Макс. температура
3882,25017,2017-12-22,-25.1,Макс. температура
3882,25017,2017-12-29,-27.0,Макс. температура
3882,25017,2018-01-21,-44.2,Мин. температура
3882,25017,2018-03-10,-37.5,Мин. температура
3882,25017,2018-05-08,-12.3,Мин. температура
3882,25017,2019-01-17,-44.7,Мин. температура
3882,25017,2019-01-22,-24.6,Макс. температура
3882,25017,2019-01-26,-29.0,Макс. температура
3882,25017,2019-01-28,-41.7,Мин. температура
3882,25017,2019-07-04,12.0,Макс. температура
3882,25017,2019-07-08,21.9,Макс. температура
3882,25017,2019-08-11,19.2,Макс. температура
3882,25017,2019-09-08,8.0,Макс. температура
3882,25017,2019-09-17,10.4,Макс. температура
3882,25017,2019-09-18,8.9,Макс. температура
3882,25017,2019-10-15,-2.0,Мин. температура
3882,25017,2019-11-05,-14.3,Макс. температура
3882,25017,2019-11-23,-21.1,Макс. температура
3882,25017,2019-12-27,-27.6,Мин. температура
3882,25017,2020-01-17,-32.3,Мин. температура
3882,25017,2020-02-08,-43.8,Мин. температура
3882,25017,2020-02-25,-34.0,Макс. температура
3882,25017,2020-04-02,-19.9,Макс. температура
3882,25017,2020-04-03,-18.0,Макс. температура
3882,25017,2020-04-15,-15.0,Макс. температура
3882,25017,2020-04-24,1.5,Макс. температура
3882,25017,2020-06-22,24.8,Макс. температура
3882,25017,2020-07-09,18.0,Макс. температура
3882,25017,2020-07-15,9.5,Макс. температура
3882,25017,2020-08-21,8.0,Макс. температура
3882,25017,2020-08-27,8.3,Макс. температура
3882,25017,2020-09-16,1.1,Мин. температура
3882,25017,2020-09-20,5.1,Макс. температура
3882,25017,2020-11-02,-16.8,Макс. температура
3882,25017,2020-11-04,-25.0,Макс. температура
3882,25017,2020-12-25,-24.0,Мин. температура
3882,25017,2021-01-10,-37.2,Мин. температура
3882,25017,2021-01-27,-42.6,Мин. температура
3882,25017,2021-02-02,-17.5,Макс. температура
3882,25017,2021-02-05,-27.5,Мин. температура
3882,25017,2021-02-25,-40.8,Мин. температура
3882,25017,2021-03-28,-16.5,Макс. температура
3882,25017,2021-04-07,-21.2,Макс. температура
3882,25017,2021-04-10,-18.4,Макс. температура
3882,25017,2021-04-26,-3.5,Макс. температура
3882,25017,2021-06-09,10.5,Макс. температура
3882,25017,2021-07-24,11.0,Макс. температура
3882,25017,2021-08-04,0.7,Мин. температура
3882,25017,2021-11-23,-28.0,Мин. температура
3882,25017,2021-11-29,-33.6,Макс. температура
3882,25017,2022-01-03,-27.4,Мин. температура
3882,25017,2022-01-20,-40.5,Мин. температура
3882,25017,2022-03-29,-30.4,Мин. температура
3882,25017,2022-04-11,-24.5,Мин. температура
3882,25017,2022-05-19,-0.5,Макс. температура
3882,25017,2022-05-26,-0.5,Мин. температура
3882,25017,2022-06-22,5.9,Мин. температура
3882,25017,2022-07-04,18.2,Макс. температура
3882,25017,2022-08-17,16.4,Макс. температура
3882,25017,2022-10-24,-10.1,Макс. температура
3882,25017,2022-10-30,-17.0,Макс. температура
3882,25017,2022-10-30,-21.6,Мин. температура
3882,25017,2022-11-05,-8.9,Макс. температура
3882,25017,2022-11-12,-29.7,Макс. температура
3882,25017,2022-11-26,-28.1,Макс. температура
3882,25017,2022-12-01,-16.5,Макс. температура
3882,25017,2022-12-31,-38.0,Макс. температура
3882,25017,2023-03-09,-38.0,Мин. температура
3882,25017,2023-04-04,-11.4,Макс. температура
3882,25017,2023-04-12,-20.5,Макс. температура
3882,25017,2023-04-22,4.0,Макс. температура
3882,25017,2023-06-12,5.2,Мин. температура
3882,25017,2023-08-29,4.9,Мин. температура
3882,25017,2023-09-12,4.3,Мин. температура
3882,25017,2023-11-06,-8.3,Макс. температура
3882,25017,2015-02-23,-29.5,Мин. температура
3882,25017,2015-03-08,-37.2,Мин. температура
3882,25017,2015-04-09,-31.3,Мин. температура
3882,25017,2015-04-12,-20.2,Мин. температура
3882,25017,2015-04-16,-14.5,Макс. температура
3882,25017,2015-04-26,-17.2,Мин. температура
3882,25017,2015-06-13,8.3,Макс. температура
3882,25017,2015-06-19,5.9,Мин. температура
3882,25017,2015-08-16,10.7,Макс. температура
3882,25017,2015-10-01,-4.1,Мин. температура
3882,25017,2015-10-07,-0.4,Макс. температура
3882,25017,2015-10-19,-18.0,Мин. температура
3882,25017,2015-10-25,-14.0,Мин. температура
3882,25017,2016-01-27,-43.2,Мин. температура
3882,25017,2016-03-02,-27.0,Мин. температура
3882,25017,2016-03-07,-27.1,Макс. температура
3882,25017,2016-03-08,-36.6,Мин. температура
3882,25017,2016-03-14,-29.6,Макс. температура
3882,25017,2016-04-27,-25.0,Мин. температура
3882,25017,2016-05-07,-14.7,Мин. температура
3882,25017,2016-05-11,-10.1,Макс. температура
3882,25017,2016-05-15,9.4,Макс. температура
3882,25017,2016-05-16,9.7,Макс. температура
3882,25017,2016-05-25,-1.2,Мин. температура
3882,25017,2016-09-07,1.0,Мин. температура
3882,25017,2016-09-12,4.5,Макс. температура
3882,25017,2016-09-13,3.4,Макс. температура
3882,25017,2016-09-20,-0.5,Мин. температура
3882,25017,2016-09-25,-4.0,Мин. температура
3882,25017,2016-09-27,-2.5,Мин. температура
3882,25017,2016-11-22,-17.7,Макс. температура
3882,25017,2016-12-19,-10.4,Макс. температура
3882,25017,2017-01-25,-38.1,Мин. температура
3882,25017,2017-02-03,-45.0,Мин. температура
3882,25017,2017-03-24,-8.0,Макс. температура
3882,25017,2017-11-18,-30.2,Мин. температура
3882,25017,2018-01-05,-39.8,Мин. температура
3882,25017,2018-01-30,-27.6,Мин. температура
3882,25017,2018-02-05,-19.5,Макс. температура
3882,25017,2018-02-07,-24.8,Мин. температура
3882,25017,2018-02-28,-18.0,Макс. температура
3882,25017,2018-03-08,-29.5,Макс. температура
3882,25017,2018-03-28,-23.5,Мин. температура
3882,25017,2018-11-01,-12.6,Мин. температура
3882,25017,2019-01-20,-39.8,Мин. температура
3882,25017,2019-02-06,-41.5,Мин. температура
3882,25017,2019-02-15,-41.0,Макс. температура
3882,25017,2019-03-06,-33.0,Мин. температура
3882,25017,2019-03-16,-36.5,Мин. температура
3882,25017,2019-04-19,-11.5,Мин. температура
3882,25017,2019-04-28,-7.9,Мин. температура
3882,25017,2019-07-14,11.5,Мин. температура
3882,25017,2019-07-30,6.6,Макс. температура
3882,25017,2019-08-04,1.7,Мин. температура
3882,25017,2019-09-06,4.7,Макс. температура
3882,25017,2019-09-07,1.2,Мин. температура
3882,25017,2019-09-12,7.0,Макс. температура
3882,25017,2019-10-05,-4.0,Мин. температура
3882,25017,2019-11-14,-14.4,Мин. температура
3882,25017,2020-01-05,-19.6,Макс. температура
3882,25017,2020-01-30,-33.0,Макс. температура
3882,25017,2020-03-15,-32.5,Мин. температура
3882,25017,2020-04-13,-15.5,Мин. температура
3882,25017,2020-05-25,5.6,Макс. температура
3882,25017,2020-08-31,6.5,Макс. температура
3882,25017,2020-09-03,1.6,Мин. температура
3882,25017,2020-09-08,3.6,Макс. температура
3882,25017,2020-09-22,0.5,Мин. температура
3882,25017,2020-09-27,1.5,Мин. температура
3882,25017,2020-09-28,1.0,Мин. температура
3882,25017,2020-12-05,-37.2,Мин. температура
3882,25017,2021-01-01,-38.6,Мин. температура
3882,25017,2021-01-14,-24.5,Макс. температура
3882,25017,2021-01-15,-39.8,Мин. температура
3882,25017,2021-01-19,-33.0,Макс. температура
3882,25017,2021-02-03,-21.0,Макс. температура
3882,25017,2021-02-06,-26.2,Мин. температура
3882,25017,2021-02-08,-23.1,Макс. температура
3882,25017,2021-03-27,-34.5,Мин. температура
3882,25017,2021-06-12,16.1,Макс. температура
3882,25017,2021-06-29,7.6,Мин. температура
3882,25017,2021-07-28,5.6,Макс. температура
3882,25017,2021-07-30,5.8,Макс. температура
3882,25017,2021-08-10,3.7,Мин. температура
3882,25017,2021-09-05,2.5,Мин. температура
3882,25017,2021-09-23,1.4,Макс. температура
3882,25017,2021-10-27,-20.7,Макс. температура
3882,25017,2021-11-04,-22.0,Макс. температура
3882,25017,2022-01-07,-31.9,Мин. температура
3882,25017,2022-01-12,-30.6,Мин. температура
3882,25017,2022-02-10,-42.2,Мин. температура
3882,25017,2022-03-09,-34.2,Мин. температура
3882,25017,2022-05-03,-9.3,Мин. температура
3882,25017,2022-06-25,14.0,Макс. температура
3882,25017,2022-07-11,11.0,Мин. температура
3882,25017,2022-08-11,22.4,Макс. температура
3882,25017,2022-08-19,20.2,Макс. температура
3882,25017,2022-11-27,-38.1,Мин. температура
3882,25017,2022-12-11,-43.1,Мин. температура
3882,25017,2023-03-11,-39.3,Мин. температура
3882,25017,2023-03-30,-20.1,Макс. температура
3882,25017,2023-04-19,-5.4,Макс. температура
3882,25017,2023-04-26,-14.7,Мин. температура
3882,25017,2023-04-27,-1.5,Макс. температура
3882,25017,2023-05-01,-10.7,Макс. температура
3882,25017,2023-06-25,14.2,Мин. температура
3882,25017,2023-07-26,6.5,Мин. температура
3882,25017,2023-07-27,3.7,Мин. температура
3882,25017,2023-09-29,0.7,Макс. температура
3882,25017,2023-11-03,-16.1,Мин. температура
3882,25017,2023-11-22,-29.0,Макс. температура
3882,25017,2023-11-28,-14.6,Макс. температура
3882,25017,2024-04-28,2.2,Макс. температура
3882,25017,2024-04-29,-9.8,Мин. температура
3882,25017,2024-05-27,20.4,Макс. температура
3882,25017,2024-08-03,15.3,Макс. температура
3882,25017,2024-08-09,2.8,Мин. температура
3882,25017,2024-08-16,6.3,Мин. температура
3882,25017,2024-10-17,-13.5,Мин. температура
3882,25017,2015-02-24,-25.4,Мин. температура
3882,25017,2015-04-08,-30.4,Мин. температура
3882,25017,2015-04-18,-28.3,Мин. температура
3882,25017,2015-04-23,-26.0,Мин. температура
3882,25017,2015-05-01,-12.6,Мин. температура
3882,25017,2015-06-04,0.7,Мин. температура
3882,25017,2015-07-20,8.5,Мин. температура
3882,25017,2015-09-08,-1.6,Мин. температура
3882,25017,2015-09-17,4.0,Макс. температура
3882,25017,2015-10-26,-11.8,Макс. температура
3882,25017,2015-12-18,-36.2,Мин. температура
3882,25017,2015-12-29,-29.5,Макс. температура
3882,25017,2016-01-01,-32.0,Мин. температура
3882,25017,2016-01-24,-37.2,Мин. температура
3882,25017,2016-02-13,-28.3,Макс. температура
3882,25017,2016-03-04,-38.0,Мин. температура
3882,25017,2016-03-06,-29.0,Макс. температура
3882,25017,2016-05-15,-5.9,Мин. температура
3882,25017,2016-05-22,0.9,Макс. температура
3882,25017,2016-05-28,8.0,Макс. температура
3882,25017,2016-07-05,7.2,Мин. температура
3882,25017,2016-07-09,3.5,Мин. температура
3882,25017,2016-08-25,14.5,Макс. температура
3882,25017,2016-10-06,-1.3,Мин. температура
3882,25017,2016-12-03,-29.3,Макс. температура
3882,25017,2016-12-12,-11.8,Макс. температура
3882,25017,2016-12-31,-19.0,Макс. температура
3882,25017,2017-02-10,-21.3,Макс. температура
3882,25017,2017-04-11,-21.5,Мин. температура
3882,25017,2017-04-19,-13.0,Мин. температура
3882,25017,2017-04-20,-2.5,Макс. температура
3882,25017,2017-04-27,-12.6,Мин. температура
3882,25017,2017-05-01,-10.6,Мин. температура
3882,25017,2017-05-07,-12.6,Мин. температура
3882,25017,2017-05-25,1.5,Макс. температура
3882,25017,2017-11-06,-3.5,Макс. температура
3882,25017,2017-11-16,-6.4,Макс. температура
3882,25017,2018-02-21,-31.4,Мин. температура
3882,25017,2018-02-25,-27.7,Макс. температура
3882,25017,2018-03-06,-29.0,Макс. температура
3882,25017,2018-03-17,-35.0,Макс. температура
3882,25017,2018-03-27,-31.0,Мин. температура
3882,25017,2018-04-02,-2.4,Макс. температура
3882,25017,2018-04-27,-21.5,Мин. температура
3882,25017,2018-11-13,-26.0,Мин. температура
3882,25017,2018-11-30,-28.2,Мин. температура
3882,25017,2018-12-07,-33.6,Макс. температура
3882,25017,2019-01-08,-39.5,Мин. температура
3882,25017,2019-01-21,-25.0,Макс. температура
3882,25017,2019-02-14,-42.0,Мин. температура
3882,25017,2019-02-21,-37.5,Мин. температура
3882,25017,2019-03-09,-18.2,Макс. температура
3882,25017,2019-03-12,-28.0,Мин. температура
3882,25017,2019-05-01,-9.6,Мин. температура
3882,25017,2019-07-23,7.8,Макс. температура
3882,25017,2019-07-26,15.4,Макс. температура
3882,25017,2019-07-31,4.4,Мин. температура
3882,25017,2019-09-11,3.4,Мин. температура
3882,25017,2019-11-27,-30.2,Макс. температура
3882,25017,2019-12-24,-18.0,Макс. температура
3882,25017,2020-03-02,-17.5,Макс. температура
3882,25017,2020-03-08,-28.0,Макс. температура
3882,25017,2020-04-13,-5.2,Макс. температура
3882,25017,2020-05-05,-6.0,Макс. температура
3882,25017,2020-05-18,2.2,Макс. температура
3882,25017,2020-05-29,5.8,Мин. температура
3882,25017,2020-06-17,14.4,Мин. температура
3882,25017,2020-06-21,31.7,Макс. температура
3882,25017,2020-06-26,17.2,Макс. температура
3882,25017,2020-08-11,4.0,Мин. температура
3882,25017,2020-12-19,-28.0,Макс. температура
3882,25017,2021-02-04,-27.9,Мин. температура
3882,25017,2021-02-21,-37.3,Мин. температура
3882,25017,2021-03-20,-25.4,Макс. температура
3882,25017,2021-03-28,-31.2,Мин. температура
3882,25017,2021-03-30,-12.8,Макс. температура
3882,25017,2021-04-02,-28.6,Мин. температура
3882,25017,2021-05-02,-2.0,Макс. температура
3882,25017,2021-06-15,14.6,Макс. температура
3882,25017,2021-07-15,13.5,Макс. температура
3882,25017,2021-10-04,-0.5,Макс. температура
3882,25017,2021-10-19,-13.0,Мин. температура
3882,25017,2021-11-07,-22.5,Мин. температура
3882,25017,2022-01-23,-36.0,Макс. температура
3882,25017,2022-02-13,-27.7,Макс. температура
3882,25017,2022-03-18,-33.0,Мин. температура
3882,25017,2022-05-26,5.2,Макс. температура
3882,25017,2022-08-15,2.4,Мин. температура
3882,25017,2022-08-27,9.2,Макс. температура
3882,25017,2022-10-15,-11.5,Мин. температура
3882,25017,2022-12-07,-28.0,Мин. температура
3882,25017,2022-12-29,-37.3,Макс. температура
3882,25017,2023-01-23,-42.9,Мин. температура
3882,25017,2023-01-30,-31.5,Мин. температура
3882,25017,2023-02-17,-36.3,Макс. температура
3882,25017,2023-04-26,-3.8,Макс. температура
3882,25017,2023-05-26,0.7,Мин. температура
3882,25017,2023-06-08,3.3,Мин. температура
3882,25017,2023-06-28,20.2,Макс. температура
3882,25017,2023-07-08,27.5,Макс. температура
3882,25017,2023-07-19,19.1,Макс. температура
3882,25017,2023-07-22,13.5,Макс. температура
3882,25017,2023-09-14,2.0,Мин. температура
3882,25017,2023-11-21,-32.6,Мин. температура
3882,25017,2023-12-01,-26.8,Макс. температура
3882,25017,2024-01-10,-31.1,Макс. температура
3882,25017,2024-03-22,-23.5,Макс. температура
3882,25017,2024-04-22,-8.1,Макс. температура
3882,25017,2024-05-01,4.0,Макс. температура
3882,25017,2024-05-07,-4.8,Мин. температура
3882,25017,2024-05-27,3.1,Мин. температура
3882,25017,2024-05-31,4.2,Макс. температура
3882,25017,2024-07-07,12.9,Макс. температура
3882,25017,2024-08-24,2.7,Мин. температура
3882,25017,2024-09-06,10.5,Макс. температура
3882,25017,2024-11-25,-34.5,Мин. температура
3882,25017,2015-01-07,,Макс. температура
3882,25017,2015-01-12,,Мин. температура
3882,25017,2015-02-03,-34.5,Макс. температура
3882,25017,2015-03-01,-32.7,Макс. температура
3882,25017,2015-03-07,-37.0,Мин. температура
3882,25017,2015-04-08,-19.5,Макс. температура
3882,25017,2015-05-14,2.7,Макс. температура
3882,25017,2015-05-25,-7.3,Мин. температура
3882,25017,2015-07-14,8.6,Мин. температура
3882,25017,2015-08-06,11.5,Макс. температура
3882,25017,2015-08-09,4.2,Мин. температура
3882,25017,2015-10-07,-5.3,Мин. температура
3882,25017,2015-10-09,-6.3,Мин. температура
3882,25017,2015-10-21,-8.2,Макс. температура
3882,25017,2015-11-16,-20.2,Макс. температура
3882,25017,2015-12-15,-32.4,Макс. температура
3882,25017,2016-02-01,-41.2,Мин. температура
3882,25017,2016-02-28,-35.5,Мин. температура
3882,25017,2016-03-15,-28.5,Макс. температура
3882,25017,2016-03-19,-19.5,Мин. температура
3882,25017,2016-04-15,-11.7,Макс. температура
3882,25017,2016-04-29,-26.9,Мин. температура
3882,25017,2016-06-13,11.0,Макс. температура
3882,25017,2016-08-01,18.2,Макс. температура
3882,25017,2016-09-28,0.2,Макс. температура
3882,25017,2016-12-05,-20.0,Макс. температура
3882,25017,2017-02-24,-36.7,Мин. температура
3882,25017,2017-03-18,-26.3,Мин. температура
3882,25017,2017-04-09,-30.2,Мин. температура
3882,25017,2017-04-12,-10.5,Макс. температура
3882,25017,2017-05-03,-15.1,Мин. температура
3882,25017,2017-05-05,-10.7,Мин. температура
3882,25017,2017-05-29,-6.2,Мин. температура
3882,25017,2018-01-05,-35.6,Макс. температура
3882,25017,2018-01-18,-27.0,Макс. температура
3882,25017,2018-01-19,-30.5,Макс. температура
3882,25017,2018-02-14,-26.2,Мин. температура
3882,25017,2018-04-25,-19.0,Мин. температура
3882,25017,2018-05-06,-20.0,Мин. температура
3882,25017,2018-05-19,-0.3,Макс. температура
3882,25017,2018-05-30,1.3,Макс. температура
3882,25017,2018-11-26,,Мин. температура
3882,25017,2018-11-29,-26.0,Мин. температура
3882,25017,2019-01-09,-39.9,Мин. температура
3882,25017,2019-01-10,-37.2,Мин. температура
3882,25017,2019-02-04,-26.5,Макс. температура
3882,25017,2019-02-13,-37.5,Макс. температура
3882,25017,2019-03-19,-27.1,Макс. температура
3882,25017,2019-04-08,-10.6,Макс. температура
3882,25017,2019-04-14,-10.2,Макс. температура
3882,25017,2019-07-02,13.0,Макс. температура
3882,25017,2019-07-02,5.0,Мин. температура
3882,25017,2019-07-12,25.8,Макс. температура
3882,25017,2019-08-11,11.0,Мин. температура
3882,25017,2019-09-30,-0.2,Макс. температура
3882,25017,2019-11-30,-33.0,Макс. температура
3882,25017,2019-12-07,-33.0,Мин. температура
3882,25017,2020-01-02,-19.9,Макс. температура
3882,25017,2020-02-18,-26.0,Макс. температура
3882,25017,2020-04-22,-16.1,Мин. температура
3882,25017,2020-05-01,1.6,Макс. температура
3882,25017,2020-05-22,-4.1,Мин. температура
3882,25017,2020-06-10,4.0,Мин. температура
3882,25017,2020-06-17,29.5,Макс. температура
3882,25017,2020-07-11,12.8,Мин. температура
3882,25017,2020-12-06,-37.0,Мин. температура
3882,25017,2020-12-31,-39.5,Мин. температура
3882,25017,2021-02-16,-22.5,Макс. температура
3882,25017,2021-02-18,-25.1,Макс. температура
3882,25017,2021-03-19,-33.6,Мин. температура
3882,25017,2021-05-17,4.0,Макс. температура
3882,25017,2021-06-09,2.0,Мин. температура
3882,25017,2021-07-11,9.6,Мин. температура
3882,25017,2021-07-13,3.5,Мин. температура
3882,25017,2021-08-25,1.8,Мин. температура
3882,25017,2021-09-01,2.6,Мин. температура
3882,25017,2021-09-12,-3.1,Мин. температура
3882,25017,2021-10-09,-9.5,Мин. температура
3882,25017,2022-01-16,-30.6,Макс. температура
3882,25017,2022-03-16,-24.7,Мин. температура
3882,25017,2022-03-28,-25.0,Мин. температура
3882,25017,2022-04-10,-21.5,Мин. температура
3882,25017,2022-05-22,2.5,Мин. температура
3882,25017,2022-06-02,5.2,Мин. температура
3882,25017,2022-06-15,20.9,Макс. температура
3882,25017,2022-06-15,9.0,Мин. температура
3882,25017,2022-06-26,3.8,Мин. температура
3882,25017,2022-07-20,1.4,Мин. температура
3882,25017,2022-07-25,14.7,Макс. температура
3882,25017,2022-08-19,11.8,Мин. температура
3882,25017,2022-09-17,-1.8,Мин. температура
3882,25017,2022-11-15,-32.6,Макс. температура
3882,25017,2022-11-23,-37.7,Мин. температура
3882,25017,2022-12-05,-42.0,Макс. температура
3882,25017,2022-12-18,-34.8,Мин. температура
3882,25017,2023-03-05,-45.0,Мин. температура
3882,25017,2023-03-14,-20.6,Макс. температура
3882,25017,2023-03-22,-25.0,Макс. температура
3882,25017,2023-03-25,-25.0,Макс. температура
3882,25017,2023-05-22,-1.3,Макс. температура
3882,25017,2023-07-07,7.8,Мин. температура
3882,25017,2023-07-31,9.0,Макс. температура
3882,25017,2023-08-24,9.9,Макс. температура
3882,25017,2023-09-05,8.3,Макс. температура
3882,25017,2023-09-12,6.2,Макс. температура
3882,25017,2023-10-15,-10.4,Мин. температура
3882,25017,2023-10-16,-7.4,Макс. температура
3882,25017,2023-10-30,-13.0,Макс. температура
3882,25017,2023-10-31,-23.6,Мин. температура
3882,25017,2023-11-04,-6.0,Макс. температура
3882,25017,2023-11-26,-14.5,Макс. температура
3882,25017,2024-01-02,-37.2,Мин. температура
3882,25017,2024-02-09,-20.3,Макс. температура
3882,25017,2024-02-24,-27.7,Макс. температура
3882,25017,2024-02-27,-25.5,Макс. температура
3882,25017,2024-04-02,-10.6,Макс. температура
3882,25017,2024-04-29,-5.6,Макс. температура
3882,25017,2024-05-19,-8.0,Мин. температура
3882,25017,2024-05-20,-0.2,Макс. температура
3882,25017,2015-01-06,,Мин. температура
3882,25017,2015-01-09,,Макс. температура
3882,25017,2015-01-11,,Макс. температура
3882,25017,2015-01-26,-27.8,Макс. температура
3882,25017,2015-01-31,-22.1,Макс. температура
3882,25017,2015-02-11,-37.3,Мин. температура
3882,25017,2015-03-06,-30.5,Макс. температура
3882,25017,2015-04-02,-22.5,Макс. температура
3882,25017,2015-04-03,-23.0,Макс. температура
3882,25017,2015-04-14,-21.2,Мин. температура
3882,25017,2015-04-23,-11.5,Макс. температура
3882,25017,2015-06-01,0.3,Мин. температура
3882,25017,2015-06-17,9.5,Макс. температура
3882,25017,2015-07-18,6.2,Мин. температура
3882,25017,2015-07-20,20.2,Макс. температура
3882,25017,2015-07-28,11.2,Макс. температура
3882,25017,2015-09-01,9.4,Макс. температура
3882,25017,2015-10-18,-16.3,Мин. температура
3882,25017,2015-10-27,-14.1,Макс. температура
3882,25017,2015-11-05,-14.3,Макс. температура
3882,25017,2015-11-10,-21.1,Макс. температура
3882,25017,2015-12-27,-39.2,Макс. температура
3882,25017,2016-02-01,-34.5,Макс. температура
3882,25017,2016-03-09,-38.4,Мин. температура
3882,25017,2016-04-11,-16.9,Макс. температура
3882,25017,2016-04-26,-17.3,Мин. температура
3882,25017,2016-05-08,-8.5,Макс. температура
3882,25017,2016-07-12,6.5,Мин. температура
3882,25017,2016-07-13,4.9,Мин. температура
3882,25017,2016-08-25,10.5,Мин. температура
3882,25017,2016-09-01,4.1,Мин. температура
3882,25017,2016-09-10,6.4,Макс. температура
3882,25017,2016-09-21,3.7,Макс. температура
3882,25017,2016-10-24,-3.0,Макс. температура
3882,25017,2016-11-22,-24.5,Мин. температура
3882,25017,2016-12-05,-32.0,Мин. температура
3882,25017,2016-12-29,-35.4,Мин. температура
3882,25017,2017-01-07,-21.5,Макс. температура
3882,25017,2017-01-21,-35.9,Макс. температура
3882,25017,2017-04-26,-18.2,Мин. температура
3882,25017,2017-05-12,0.3,Макс. температура
3882,25017,2017-05-21,3.4,Макс. температура
3882,25017,2017-11-04,-21.9,Мин. температура
3882,25017,2018-01-04,-27.0,Макс. температура
3882,25017,2018-02-04,-30.7,Мин. температура
3882,25017,2018-02-26,-36.7,Мин. температура
3882,25017,2018-03-05,-29.1,Макс. температура
3882,25017,2018-03-06,-34.6,Мин. температура
3882,25017,2018-03-12,-36.6,Мин. температура
3882,25017,2018-03-29,-20.5,Макс. температура
3882,25017,2018-04-20,-8.2,Макс. температура
3882,25017,2018-12-13,-37.0,Макс. температура
3882,25017,2018-12-15,-34.5,Макс. температура
3882,25017,2018-12-28,-33.7,Макс. температура
3882,25017,2019-02-26,-35.5,Макс. температура
3882,25017,2019-03-02,-34.0,Мин. температура
3882,25017,2019-03-14,-30.6,Мин. температура
3882,25017,2019-04-02,-11.0,Макс. температура
3882,25017,2019-04-18,2.1,Макс. температура
3882,25017,2019-07-06,10.0,Макс. температура
3882,25017,2019-07-09,24.6,Макс. температура
3882,25017,2019-07-31,8.3,Макс. температура
3882,25017,2019-08-04,8.0,Макс. температура
3882,25017,2019-09-12,-0.3,Мин. температура
3882,25017,2019-09-13,-2.0,Мин. температура
3882,25017,2019-10-22,-17.0,Мин. температура
3882,25017,2019-11-07,-7.0,Макс. температура
3882,25017,2019-12-03,-24.5,Макс. температура
3882,25017,2020-01-15,-24.5,Макс. температура
3882,25017,2020-01-26,-25.5,Макс. температура
3882,25017,2020-01-29,-30.3,Макс. температура
3882,25017,2020-02-20,-31.6,Мин. температура
3882,25017,2020-03-09,-35.5,Мин. температура
3882,25017,2020-04-11,-18.0,Мин. температура
3882,25017,2020-06-05,14.0,Макс. температура
3882,25017,2020-07-30,7.8,Мин. температура
3882,25017,2020-08-28,3.8,Мин. температура
3882,25017,2020-09-25,3.0,Мин. температура
3882,25017,2020-12-20,-36.5,Мин. температура
3882,25017,2020-12-29,-43.7,Мин. температура
3882,25017,2021-03-10,-33.4,Мин. температура
3882,25017,2021-04-17,-5.8,Макс. температура
3882,25017,2021-05-09,-5.9,Макс. температура
3882,25017,2021-06-05,25.0,Макс. температура
3882,25017,2021-08-23,12.1,Макс. температура
3882,25017,2021-10-07,-2.5,Макс. температура
3882,25017,2021-11-10,-28.1,Мин. температура
3882,25017,2021-11-22,-18.4,Макс. температура
3882,25017,2021-12-21,-31.3,Мин. температура
3882,25017,2022-01-31,-24.4,Макс. температура
3882,25017,2022-02-12,-29.8,Макс. температура
3882,25017,2022-04-04,-31.0,Мин. температура
3882,25017,2022-05-01,1.0,Макс. температура
3882,25017,2022-05-22,15.1,Макс. температура
3882,25017,2022-07-05,13.2,Мин. температура
3882,25017,2022-08-05,6.0,Мин. температура
3882,25017,2022-08-25,7.6,Макс. температура
3882,25017,2022-09-26,-2.6,Мин. температура
3882,25017,2022-09-27,0.9,Макс. температура
3882,25017,2022-10-16,-7.7,Мин. температура
3882,25017,2022-12-07,-23.7,Макс. температура
3882,25017,2022-12-17,-24.2,Макс. температура
3882,25017,2023-01-14,-31.8,Макс. температура
3882,25017,2023-01-26,-39.3,Мин. температура
3882,25017,2023-04-13,-29.5,Мин. температура
3882,25017,2023-05-03,-12.2,Макс. температура
3882,25017,2023-08-03,2.3,Мин. температура
3882,25017,2023-08-13,5.6,Мин. температура
3882,25017,2023-08-18,9.1,Макс. температура
3882,25017,2023-09-04,7.8,Макс. температура
3882,25017,2023-09-13,8.7,Макс. температура
3882,25017,2023-09-20,1.9,Мин. температура
3882,25017,2023-09-26,-0.5,Мин. температура
3882,25017,2023-10-05,-8.1,Мин. температура
3882,25017,2023-10-15,-6.3,Макс. температура
3882,25017,2023-12-05,-37.5,Мин. температура
3882,25017,2024-01-15,-38.8,Мин. температура
3882,25017,2024-02-04,-31.6,Мин. температура
3882,25017,2024-03-10,-27.2,Макс. температура
3882,25017,2024-11-16,-21.1,Мин. температура
3882,25017,2024-11-23,-28.4,Макс. температура
3882,25017,2024-11-27,-30.1,Макс. температура
3882,25017,2015-01-13,,Мин. температура
3882,25017,2015-01-16,-40.6,Мин. температура
3882,25017,2015-01-19,-34.5,Макс. температура
3882,25017,2015-02-25,-23.0,Макс. температура
3882,25017,2015-02-26,-22.9,Макс. температура
3882,25017,2015-03-04,-41.1,Макс. температура
3882,25017,2015-03-27,-10.2,Макс. температура
3882,25017,2015-04-06,-15.0,Макс. температура
3882,25017,2015-05-16,-8.6,Мин. температура
3882,25017,2015-05-20,-2.4,Макс. температура
3882,25017,2015-05-25,-4.3,Макс. температура
3882,25017,2015-07-03,22.6,Макс. температура
3882,25017,2015-07-07,17.1,Макс. температура
3882,25017,2015-07-24,23.3,Макс. температура
3882,25017,2015-07-30,5.1,Мин. температура
3882,25017,2015-08-23,3.8,Мин. температура
3882,25017,2015-11-14,-31.0,Мин. температура
3882,25017,2015-11-19,-22.5,Мин. температура
3882,25017,2015-12-14,-44.5,Мин. температура
3882,25017,2016-01-10,-17.6,Мин. температура
3882,25017,2016-02-25,-22.4,Макс. температура
3882,25017,2016-03-13,-28.0,Макс. температура
3882,25017,2016-05-17,13.5,Макс. температура
3882,25017,2016-05-19,1.9,Мин. температура
3882,25017,2016-05-29,1.4,Мин. температура
3882,25017,2016-07-04,4.8,Мин. температура
3882,25017,2016-07-11,4.0,Мин. температура
3882,25017,2016-08-19,10.0,Макс. температура
3882,25017,2016-10-20,-7.2,Мин. температура
3882,25017,2016-10-30,-6.6,Мин. температура
3882,25017,2016-12-24,-35.4,Мин. температура
3882,25017,2017-01-16,-36.6,Мин. температура
3882,25017,2017-03-28,-6.1,Макс. температура
3882,25017,2017-04-16,-8.0,Макс. температура
3882,25017,2017-11-07,-2.6,Макс. температура
3882,25017,2017-11-08,-6.8,Макс. температура
3882,25017,2017-12-01,-23.0,Мин. температура
3882,25017,2017-12-05,-17.5,Мин. температура
3882,25017,2017-12-07,-16.0,Макс. температура
3882,25017,2018-01-16,-29.2,Макс. температура
3882,25017,2018-01-22,-44.0,Мин. температура
3882,25017,2018-02-14,-17.8,Макс. температура
3882,25017,2018-05-12,3.0,Макс. температура
3882,25017,2018-11-02,-19.0,Мин. температура
3882,25017,2018-11-05,-25.3,Мин. температура
3882,25017,2018-12-25,-38.3,Мин. температура
3882,25017,2019-08-23,5.0,Мин. температура
3882,25017,2019-09-07,3.5,Макс. температура
3882,25017,2019-10-02,-1.0,Макс. температура
3882,25017,2019-10-24,-10.0,Макс. температура
3882,25017,2019-11-10,-13.4,Мин. температура
3882,25017,2020-01-18,-26.0,Макс. температура
3882,25017,2020-01-18,-36.1,Мин. температура
3882,25017,2020-02-08,-38.5,Макс. температура
3882,25017,2020-03-20,-38.0,Мин. температура
3882,25017,2020-03-26,-30.1,Мин. температура
3882,25017,2020-05-03,-2.0,Макс. температура
3882,25017,2020-06-25,22.5,Макс. температура
3882,25017,2020-07-19,5.7,Мин. температура
3882,25017,2020-07-20,3.6,Мин. температура
3882,25017,2020-08-01,8.4,Мин. температура
3882,25017,2020-11-16,-20.8,Макс. температура
3882,25017,2020-11-19,-28.0,Мин. температура
3882,25017,2020-11-25,-9.0,Макс. температура
3882,25017,2020-12-30,-28.5,Макс. температура
3882,25017,2021-02-11,-31.6,Мин. температура
3882,25017,2021-02-23,-36.6,Макс. температура
3882,25017,2021-03-01,-34.5,Мин. температура
3882,25017,2021-03-16,-22.4,Макс. температура
3882,25017,2021-05-24,-3.0,Мин. температура
3882,25017,2021-06-23,24.0,Макс. температура
3882,25017,2021-06-27,28.8,Макс. температура
3882,25017,2021-06-30,17.7,Макс. температура
3882,25017,2021-07-07,19.0,Макс. температура
3882,25017,2021-09-07,4.5,Макс. температура
3882,25017,2021-09-20,0.9,Макс. температура
3882,25017,2021-10-31,-13.6,Макс. температура
3882,25017,2021-11-16,-9.5,Макс. температура
3882,25017,2021-12-23,-21.7,Макс. температура
3882,25017,2021-12-31,-29.1,Макс. температура
3882,25017,2022-01-18,-43.0,Мин. температура
3882,25017,2022-02-21,-39.1,Макс. температура
3882,25017,2022-02-21,-42.6,Мин. температура
3882,25017,2022-03-02,-18.0,Макс. температура
3882,25017,2022-04-21,-16.6,Мин. температура
3882,25017,2022-08-23,14.0,Мин. температура
3882,25017,2022-09-03,4.9,Макс. температура
3882,25017,2022-09-05,3.2,Мин. температура
3882,25017,2022-09-08,14.4,Макс. температура
3882,25017,2022-10-13,-13.8,Мин. температура
3882,25017,2022-10-23,-11.4,Мин. температура
3882,25017,2022-11-09,-14.8,Макс. температура
3882,25017,2022-12-10,-29.1,Макс. температура
3882,25017,2023-01-07,-46.8,Мин. температура
3882,25017,2023-01-30,-16.5,Макс. температура
3882,25017,2023-02-13,-44.7,Мин. температура
3882,25017,2023-04-01,-32.3,Мин. температура
3882,25017,2023-05-29,1.7,Мин. температура
3882,25017,2023-06-21,3.6,Мин. температура
3882,25017,2023-06-30,3.2,Мин. температура
3882,25017,2023-07-05,5.2,Мин. температура
3882,25017,2023-07-18,10.6,Мин. температура
3882,25017,2023-07-21,8.0,Мин. температура
3882,25017,2023-07-24,7.7,Мин. температура
3882,25017,2023-09-30,0.7,Макс. температура
3882,25017,2023-10-26,-17.0,Макс. температура
3882,25017,2023-11-15,-23.9,Мин. температура
3882,25017,2023-12-08,-35.7,Мин. температура
3882,25017,2023-12-14,-24.6,Мин. температура
3882,25017,2023-12-21,-37.2,Мин. температура
3882,25017,2023-12-29,-28.4,Макс. температура
3882,25017,2024-01-14,-45.9,Мин. температура
3882,25017,2024-02-14,-38.5,Макс. температура
3882,25017,2024-02-15,-34.9,Макс. температура
3882,25017,2024-02-20,-35.4,Макс. температура
3882,25017,2024-03-01,-30.8,Мин. температура
3882,25017,2024-03-24,-26.9,Мин. температура
3882,25017,2024-05-20,-6.3,Мин. температура
3882,25017,2024-06-16,8.0,Мин. температура
3882,25017,2015-06-03,2.6,Мин. температура
3882,25017,2015-06-18,1.3,Мин. температура
3882,25017,2015-08-23,6.4,Макс. температура
3882,25017,2016-01-05,-31.0,Макс. температура
3882,25017,2016-01-22,-32.6,Мин. температура
3882,25017,2016-01-25,-35.1,Макс. температура
3882,25017,2016-02-18,-29.0,Мин. температура
3882,25017,2016-03-05,-31.0,Макс. температура
3882,25017,2016-03-14,-33.0,Мин. температура
3882,25017,2016-03-26,-17.0,Мин. температура
3882,25017,2016-03-30,-24.6,Мин. температура
3882,25017,2016-04-17,-13.0,Макс. температура
3882,25017,2016-07-07,4.0,Мин. температура
3882,25017,2016-07-25,10.0,Мин. температура
3882,25017,2016-07-29,10.3,Макс. температура
3882,25017,2016-09-10,4.2,Мин. температура
3882,25017,2016-11-25,-28.3,Мин. температура
3882,25017,2017-01-26,-36.3,Мин. температура
3882,25017,2017-02-23,-38.3,Мин. температура
3882,25017,2017-02-27,-21.5,Макс. температура
3882,25017,2017-04-11,-12.2,Макс. температура
3882,25017,2017-04-22,-12.9,Мин. температура
3882,25017,2017-04-29,-10.2,Макс. температура
3882,25017,2017-12-10,-27.5,Мин. температура
3882,25017,2017-12-16,-20.2,Мин. температура
3882,25017,2017-12-25,-23.0,Макс. температура
3882,25017,2017-12-28,-29.2,Макс. температура
3882,25017,2018-01-21,-33.5,Макс. температура
3882,25017,2018-02-16,-26.0,Мин. температура
3882,25017,2018-03-10,-31.5,Макс. температура
3882,25017,2018-03-23,-35.0,Мин. температура
3882,25017,2018-04-16,-12.2,Макс. температура
3882,25017,2018-05-07,-22.0,Мин. температура
3882,25017,2018-11-20,,Макс. температура
3882,25017,2018-11-22,,Макс. температура
3882,25017,2018-11-27,,Макс. температура
3882,25017,2018-12-04,-22.1,Макс. температура
3882,25017,2018-12-06,-36.0,Макс. температура
3882,25017,2018-12-08,-36.5,Мин. температура
3882,25017,2019-01-14,-24.0,Макс. температура
3882,25017,2019-04-12,-12.0,Макс. температура
3882,25017,2019-04-21,-18.4,Мин. температура
3882,25017,2019-07-17,9.7,Макс. температура
3882,25017,2019-07-24,2.5,Мин. температура
3882,25017,2019-10-03,-1.7,Макс. температура
3882,25017,2019-10-04,-2.0,Макс. температура
3882,25017,2019-11-27,-37.0,Мин. температура
3882,25017,2019-12-06,-18.2,Макс. температура
3882,25017,2019-12-10,-26.6,Макс. температура
3882,25017,2019-12-10,-35.3,Мин. температура
3882,25017,2019-12-15,-25.0,Макс. температура
3882,25017,2020-02-10,-44.1,Мин. температура
3882,25017,2020-03-04,-16.0,Макс. температура
3882,25017,2020-03-13,-42.5,Мин. температура
3882,25017,2020-04-26,-15.8,Мин. температура
3882,25017,2020-06-19,15.2,Мин. температура
3882,25017,2020-07-10,11.6,Мин. температура
3882,25017,2020-07-18,4.2,Мин. температура
3882,25017,2020-08-07,3.9,Мин. температура
3882,25017,2020-09-06,13.0,Макс. температура
3882,25017,2020-09-10,5.0,Мин. температура
3882,25017,2020-09-28,6.7,Макс. температура
3882,25017,2020-10-22,-6.0,Макс. температура
3882,25017,2020-11-25,-15.5,Мин. температура
3882,25017,2021-01-14,-43.0,Мин. температура
3882,25017,2021-01-21,-41.6,Мин. температура
3882,25017,2021-03-18,-33.0,Мин. температура
3882,25017,2021-05-05,-0.8,Макс. температура
3882,25017,2021-05-15,-6.0,Мин. температура
3882,25017,2021-06-10,1.2,Мин. температура
3882,25017,2021-06-28,22.0,Макс. температура
3882,25017,2021-07-01,11.5,Макс. температура
3882,25017,2021-07-09,24.4,Макс. температура
3882,25017,2021-08-22,15.6,Макс. температура
3882,25017,2021-11-13,-25.5,Мин. температура
3882,25017,2021-12-04,-36.2,Мин. температура
3882,25017,2021-12-19,-41.1,Мин. температура
3882,25017,2022-02-17,-33.5,Макс. температура
3882,25017,2022-03-22,-13.5,Мин. температура
3882,25017,2022-04-23,-7.0,Макс. температура
3882,25017,2022-05-03,-3.7,Макс. температура
3882,25017,2022-05-14,-6.3,Мин. температура
3882,25017,2022-07-07,12.4,Макс. температура
3882,25017,2022-07-17,2.4,Мин. температура
3882,25017,2022-07-20,8.1,Макс. температура
3882,25017,2022-10-27,-20.7,Мин. температура
3882,25017,2022-11-01,-16.7,Мин. температура
3882,25017,2022-12-04,-31.7,Макс. температура
3882,25017,2022-12-17,-32.6,Мин. температура
3882,25017,2023-01-02,-42.2,Макс. температура
3882,25017,2023-02-11,-43.7,Макс. температура
3882,25017,2023-03-12,-24.2,Макс. температура
3882,25017,2023-03-13,-19.4,Макс. температура
3882,25017,2023-03-28,-8.0,Макс. температура
3882,25017,2023-05-07,-6.2,Макс. температура
3882,25017,2023-05-10,-16.9,Мин. температура
3882,25017,2023-05-16,-11.3,Мин. температура
3882,25017,2023-06-06,6.7,Макс. температура
3882,25017,2023-07-18,19.0,Макс. температура
3882,25017,2023-07-24,12.0,Макс. температура
3882,25017,2023-10-07,-10.4,Мин. температура
3882,25017,2023-10-25,-11.7,Макс. температура
3882,25017,2023-12-06,-28.8,Макс. температура
3882,25017,2023-12-12,-27.9,Мин. температура
3882,25017,2024-01-03,-34.6,Макс. температура
3882,25017,2024-01-10,-34.6,Мин. температура
3882,25017,2024-01-15,-21.2,Макс. температура
3882,25017,2024-01-17,-36.1,Макс. температура
3882,25017,2024-02-11,-36.1,Мин. температура
3882,25017,2024-02-23,-30.2,Мин. температура
3882,25017,2024-03-11,-39.6,Мин. температура
3882,25017,2024-03-28,-35.9,Мин. температура
3882,25017,2024-03-30,-22.7,Макс. температура
3882,25017,2024-04-11,-13.2,Мин. температура
3882,25017,2024-06-04,21.5,Макс. температура
3882,25017,2024-06-10,0.2,Мин. температура
3882,25017,2024-06-12,13.4,Макс. температура
3882,25017,2024-08-14,2.0,Мин. температура
3882,25017,2024-09-25,-0.2,Макс. температура
3882,25017,2015-01-14,-28.0,Мин. температура
3882,25017,2015-02-06,-35.7,Макс. температура
3882,25017,2015-03-11,-27.0,Макс. температура
3882,25017,2015-04-20,-11.0,Макс. температура
3882,25017,2015-06-27,15.8,Макс. температура
3882,25017,2015-07-10,12.0,Макс. температура
3882,25017,2015-07-13,5.4,Мин. температура
3882,25017,2015-08-03,3.1,Мин. температура
3882,25017,2015-08-25,5.8,Макс. температура
3882,25017,2015-08-31,14.3,Макс. температура
3882,25017,2015-11-12,-20.3,Мин. температура
3882,25017,2015-12-19,-28.0,Макс. температура
3882,25017,2016-01-01,-26.0,Макс. температура
3882,25017,2016-01-19,-23.0,Макс. температура
3882,25017,2016-01-31,-34.5,Макс. температура
3882,25017,2016-03-22,-13.0,Макс. температура
3882,25017,2016-04-03,-22.7,Мин. температура
3882,25017,2016-05-05,-10.5,Макс. температура
3882,25017,2016-07-29,6.0,Мин. температура
3882,25017,2016-08-01,10.2,Мин. температура
3882,25017,2016-09-18,6.5,Макс. температура
3882,25017,2016-10-17,-1.0,Макс. температура
3882,25017,2016-10-18,-10.7,Мин. температура
3882,25017,2017-02-05,-21.6,Макс. температура
3882,25017,2017-04-05,-8.0,Макс. температура
3882,25017,2017-05-01,-6.8,Макс. температура
3882,25017,2017-11-03,-21.0,Мин. температура
3882,25017,2018-01-10,-26.5,Макс. температура
3882,25017,2018-01-13,-42.5,Мин. температура
3882,25017,2018-01-20,-31.9,Макс. температура
3882,25017,2018-01-27,-27.5,Мин. температура
3882,25017,2018-05-22,0.0,Макс. температура
3882,25017,2018-11-04,-24.4,Мин. температура
3882,25017,2018-11-07,-18.2,Макс. температура
3882,25017,2019-03-03,-29.0,Мин. температура
3882,25017,2019-03-23,-21.0,Макс. температура
3882,25017,2019-04-22,-22.7,Мин. температура
3882,25017,2019-04-28,-3.3,Макс. температура
3882,25017,2019-07-18,8.0,Макс. температура
3882,25017,2019-08-15,11.0,Макс. температура
3882,25017,2019-08-27,8.0,Мин. температура
3882,25017,2019-09-25,-0.5,Макс. температура
3882,25017,2019-09-29,0.1,Макс. температура
3882,25017,2019-10-11,-6.2,Макс. температура
3882,25017,2019-11-24,-38.1,Мин. температура
3882,25017,2019-12-01,-28.2,Макс. температура
3882,25017,2020-02-06,-30.0,Макс. температура
3882,25017,2020-03-09,-27.0,Макс. температура
3882,25017,2020-04-08,-9.7,Макс. температура
3882,25017,2020-05-08,-13.6,Мин. температура
3882,25017,2020-05-23,-4.6,Мин. температура
3882,25017,2020-06-12,1.0,Мин. температура
3882,25017,2020-07-07,6.2,Мин. температура
3882,25017,2020-09-01,5.8,Макс. температура
3882,25017,2020-10-16,2.0,Макс. температура
3882,25017,2020-10-27,-11.0,Макс. температура
3882,25017,2021-01-08,-21.0,Макс. температура
3882,25017,2021-02-01,-26.5,Макс. температура
3882,25017,2021-03-16,-34.9,Мин. температура
3882,25017,2021-03-24,-22.4,Макс. температура
3882,25017,2021-04-08,-33.5,Мин. температура
3882,25017,2021-04-09,-31.5,Мин. температура
3882,25017,2021-05-30,5.1,Мин. температура
3882,25017,2021-06-13,3.3,Мин. температура
3882,25017,2021-07-14,12.0,Макс. температура
3882,25017,2021-09-04,10.5,Макс. температура
3882,25017,2021-10-08,-8.5,Мин. температура
3882,25017,2021-10-29,-22.1,Макс. температура
3882,25017,2021-11-10,-25.5,Макс. температура
3882,25017,2021-12-09,-38.5,Макс. температура
3882,25017,2021-12-10,-42.0,Мин. температура
3882,25017,2021-12-16,-29.0,Макс. температура
3882,25017,2022-02-18,-33.5,Макс. температура
3882,25017,2022-03-05,-33.2,Мин. температура
3882,25017,2022-03-13,-22.0,Макс. температура
3882,25017,2022-04-06,-31.5,Мин. температура
3882,25017,2022-05-02,-8.8,Мин. температура
3882,25017,2022-05-21,10.0,Макс. температура
3882,25017,2022-06-05,-0.2,Мин. температура
3882,25017,2022-06-12,14.0,Макс. температура
3882,25017,2022-07-03,4.7,Мин. температура
3882,25017,2022-11-03,-30.8,Мин. температура
3882,25017,2022-12-13,-42.0,Макс. температура
3882,25017,2022-12-21,-14.7,Макс. температура
3882,25017,2023-02-21,-32.0,Макс. температура
3882,25017,2023-02-25,-37.0,Макс. температура
3882,25017,2023-03-28,-19.4,Мин. температура
3882,25017,2023-04-12,-31.2,Мин. температура
3882,25017,2023-06-10,20.8,Макс. температура
3882,25017,2023-06-27,14.5,Макс. температура
3882,25017,2023-07-19,12.1,Мин. температура
3882,25017,2023-07-28,4.2,Мин. температура
3882,25017,2023-08-24,3.4,Мин. температура
3882,25017,2023-08-26,0.1,Мин. температура
3882,25017,2023-09-16,0.5,Мин. температура
3882,25017,2023-12-21,-36.0,Макс. температура
3882,25017,2024-01-19,-43.2,Макс. температура
3882,25017,2024-03-05,-27.5,Мин. температура
3882,25017,2024-03-29,-18.9,Макс. температура
3882,25017,2024-05-29,-1.7,Мин. температура
3882,25017,2024-08-20,11.4,Макс. температура
3882,25017,2024-08-21,2.7,Мин. температура
3882,25017,2024-09-02,4.4,Мин. температура
3882,25017,2024-09-05,2.8,Мин. температура
3882,25017,2024-09-13,-2.5,Мин. температура
3882,25017,2024-09-19,0.1,Мин. температура
3882,25017,2024-09-24,1.1,Макс. температура
3882,25017,2015-01-21,-41.1,Макс. температура
3882,25017,2015-01-24,-41.5,Мин. температура
3882,25017,2015-04-04,-28.5,Мин. температура
3882,25017,2015-04-27,-21.8,Мин. температура
3882,25017,2015-05-26,-0.2,Макс. температура
3882,25017,2015-06-25,4.2,Мин. температура
3882,25017,2015-07-11,20.4,Макс. температура
3882,25017,2015-09-03,4.1,Мин. температура
3882,25017,2015-09-12,15.5,Макс. температура
3882,25017,2015-10-16,-6.5,Макс. температура
3882,25017,2015-10-22,-5.3,Макс. температура
3882,25017,2015-11-01,-16.4,Макс. температура
3882,25017,2015-12-05,-34.5,Мин. температура
3882,25017,2015-12-25,-38.0,Макс. температура
3882,25017,2016-02-10,-38.0,Мин. температура
3882,25017,2016-03-01,-32.8,Мин. температура
3882,25017,2016-04-16,-21.2,Мин. температура
3882,25017,2016-07-06,3.5,Мин. температура
3882,25017,2016-08-15,7.2,Мин. температура
3882,25017,2016-10-28,0.2,Макс. температура
3882,25017,2016-11-02,-11.5,Мин. температура
3882,25017,2016-11-13,-26.3,Макс. температура
3882,25017,2016-12-22,-15.2,Макс. температура
3882,25017,2017-01-07,-37.2,Мин. температура
3882,25017,2017-01-15,-34.0,Макс. температура
3882,25017,2017-02-08,-29.9,Мин. температура
3882,25017,2017-02-18,-35.5,Макс. температура
3882,25017,2017-02-18,-40.7,Мин. температура
3882,25017,2017-02-27,-32.1,Мин. температура
3882,25017,2017-03-12,-30.0,Мин. температура
3882,25017,2017-03-16,-17.1,Макс. температура
3882,25017,2017-03-27,-27.0,Мин. температура
3882,25017,2017-04-06,-11.0,Макс. температура
3882,25017,2017-04-18,-6.0,Макс. температура
3882,25017,2017-04-30,-21.1,Мин. температура
3882,25017,2017-05-12,-4.0,Мин. температура
3882,25017,2017-05-23,-3.6,Мин. температура
3882,25017,2017-11-01,-9.2,Макс. температура
3882,25017,2017-11-06,-16.8,Мин. температура
3882,25017,2017-11-25,-16.5,Макс. температура
3882,25017,2017-11-28,-35.2,Мин. температура
3882,25017,2017-12-03,-21.5,Мин. температура
3882,25017,2017-12-20,-23.5,Макс. температура
3882,25017,2017-12-22,-33.6,Мин. температура
3882,25017,2017-12-26,-25.0,Макс. температура
3882,25017,2017-12-27,-30.2,Макс. температура
3882,25017,2018-01-19,-36.4,Мин. температура
3882,25017,2018-03-07,-30.3,Макс. температура
3882,25017,2018-03-09,-35.3,Мин. температура
3882,25017,2018-03-11,-31.8,Макс. температура
3882,25017,2018-11-13,-21.0,Макс. температура
3882,25017,2018-12-27,-39.2,Мин. температура
3882,25017,2018-12-31,-28.5,Макс. температура
3882,25017,2019-02-11,-37.5,Мин. температура
3882,25017,2019-02-17,-26.5,Макс. температура
3882,25017,2019-02-22,-31.0,Макс. температура
3882,25017,2019-03-04,-22.9,Макс. температура
3882,25017,2019-09-04,13.5,Макс. температура
3882,25017,2019-10-09,-7.2,Мин. температура
3882,25017,2019-10-11,-13.0,Мин. температура
3882,25017,2019-10-20,-15.6,Мин. температура
3882,25017,2019-10-25,-14.0,Макс. температура
3882,25017,2019-11-22,-26.0,Мин. температура
3882,25017,2020-03-11,-38.0,Мин. температура
3882,25017,2020-04-18,-20.6,Мин. температура
3882,25017,2020-06-20,16.1,Мин. температура
3882,25017,2020-07-27,7.5,Мин. температура
3882,25017,2020-09-14,0.2,Мин. температура
3882,25017,2020-10-02,-1.5,Мин. температура
3882,25017,2020-10-13,-3.9,Макс. температура
3882,25017,2020-11-13,-18.6,Макс. температура
3882,25017,2020-12-07,-34.6,Мин. температура
3882,25017,2020-12-19,-40.2,Мин. температура
3882,25017,2020-12-22,-31.0,Мин. температура
3882,25017,2021-02-12,-37.5,Мин. температура
3882,25017,2021-03-14,-36.3,Мин. температура
3882,25017,2021-04-16,-14.1,Макс. температура
3882,25017,2021-04-19,-11.0,Мин. температура
3882,25017,2021-06-25,20.8,Макс. температура
3882,25017,2021-07-27,2.4,Мин. температура
3882,25017,2021-08-14,12.6,Макс. температура
3882,25017,2021-09-24,1.5,Макс. температура
3882,25017,2021-10-15,-4.8,Макс. температура
3882,25017,2021-11-23,-19.0,Макс. температура
3882,25017,2022-01-02,-33.0,Мин. температура
3882,25017,2022-01-15,-35.8,Макс. температура
3882,25017,2022-03-06,-21.1,Макс. температура
3882,25017,2022-10-18,-19.3,Мин. температура
3882,25017,2022-10-29,-20.8,Мин. температура
3882,25017,2022-11-18,-18.7,Макс. температура
3882,25017,2022-11-28,-31.5,Макс. температура
3882,25017,2022-12-25,-24.8,Макс. температура
3882,25017,2022-12-29,-39.4,Мин. температура
3882,25017,2023-01-13,-28.1,Макс. температура
3882,25017,2023-02-06,-34.1,Мин. температура
3882,25017,2023-02-13,-40.1,Макс. температура
3882,25017,2023-02-28,-41.3,Мин. температура
3882,25017,2023-03-06,-39.5,Макс. температура
3882,25017,2023-04-08,-21.7,Макс. температура
3882,25017,2023-04-24,-0.2,Макс. температура
3882,25017,2023-05-15,-19.3,Мин. температура
3882,25017,2023-06-20,8.4,Мин. температура
3882,25017,2023-07-17,24.3,Макс. температура
3882,25017,2023-07-22,7.0,Мин. температура
3882,25017,2023-08-01,13.6,Макс. температура
3882,25017,2023-08-26,15.2,Макс. температура
3882,25017,2023-09-16,5.0,Макс. температура
3882,25017,2023-09-22,1.2,Мин. температура
3882,25017,2023-10-21,-13.9,Макс. температура
3882,25017,2023-10-22,-3.9,Макс. температура
3882,25017,2024-01-06,-24.1,Макс. температура
3882,25017,2024-03-02,-19.4,Макс. температура
3882,25017,2024-04-18,-0.7,Макс. температура
3882,25017,2024-06-22,5.7,Мин. температура
3882,25017,2024-07-22,10.3,Мин. температура
3882,25017,2024-07-25,9.6,Макс. температура
3882,25017,2024-07-31,6.1,Макс. температура
3882,25017,2024-09-29,-0.3,Мин. температура
3882,25017,2024-10-13,-1.8,Макс. температура
3882,25017,2015-01-28,-42.3,Мин. температура
3882,25017,2015-03-01,-35.5,Мин. температура
3882,25017,2015-03-26,-25.8,Мин. температура
3882,25017,2015-04-09,-23.0,Макс. температура
3882,25017,2015-05-29,-1.2,Мин. температура
3882,25017,2015-06-08,1.2,Мин. температура
3882,25017,2015-06-09,14.8,Макс. температура
3882,25017,2015-06-13,-0.5,Мин. температура
3882,25017,2015-07-06,7.1,Мин. температура
3882,25017,2015-07-23,14.4,Макс. температура
3882,25017,2015-07-25,22.6,Макс. температура
3882,25017,2015-08-01,8.4,Макс. температура
3882,25017,2015-08-16,3.4,Мин. температура
3882,25017,2015-08-24,5.2,Макс. температура
3882,25017,2015-10-11,-10.2,Мин. температура
3882,25017,2015-12-31,-37.4,Мин. температура
3882,25017,2016-01-13,-18.3,Макс. температура
3882,25017,2016-01-20,-27.0,Мин. температура
3882,25017,2016-02-04,-28.9,Макс. температура
3882,25017,2016-02-25,-31.0,Мин. температура
3882,25017,2016-03-09,-31.1,Макс. температура
3882,25017,2016-04-12,-14.6,Макс. температура
3882,25017,2016-05-25,4.0,Макс. температура
3882,25017,2016-06-02,16.2,Макс. температура
3882,25017,2016-06-04,23.5,Макс. температура
3882,25017,2016-07-01,12.5,Макс. температура
3882,25017,2016-07-12,23.4,Макс. температура
3882,25017,2016-07-26,15.8,Макс. температура
3882,25017,2016-08-10,7.5,Мин. температура
3882,25017,2016-08-23,18.0,Макс. температура
3882,25017,2016-09-04,10.7,Макс. температура
3882,25017,2016-11-01,-9.2,Мин. температура
3882,25017,2016-11-27,-21.8,Макс. температура
3882,25017,2016-12-01,-27.6,Макс. температура
3882,25017,2016-12-07,-22.3,Макс. температура
3882,25017,2017-01-04,-28.6,Макс. температура
3882,25017,2017-01-09,-33.5,Мин. температура
3882,25017,2017-01-28,-33.5,Макс. температура
3882,25017,2017-02-09,-30.4,Мин. температура
3882,25017,2017-03-04,-16.8,Макс. температура
3882,25017,2017-03-26,-16.0,Макс. температура
3882,25017,2017-04-26,-7.7,Макс. температура
3882,25017,2017-11-03,-10.0,Макс. температура
3882,25017,2018-01-03,-36.2,Мин. температура
3882,25017,2018-01-22,-30.1,Макс. температура
3882,25017,2018-02-09,-18.5,Макс. температура
3882,25017,2018-02-13,-27.5,Мин. температура
3882,25017,2018-03-03,-28.1,Мин. температура
3882,25017,2018-03-23,-24.4,Макс. температура
3882,25017,2018-04-03,-29.0,Мин. температура
3882,25017,2018-05-03,-19.0,Мин. температура
3882,25017,2018-05-11,-7.7,Макс. температура
3882,25017,2018-11-12,-22.2,Макс. температура
3882,25017,2018-12-25,-34.2,Макс. температура
3882,25017,2019-01-16,-40.0,Макс. температура
3882,25017,2019-01-18,-33.0,Макс. температура
3882,25017,2019-02-07,-43.0,Мин. температура
3882,25017,2019-03-15,-31.3,Макс. температура
3882,25017,2019-04-10,-24.6,Мин. температура
3882,25017,2019-04-11,-19.5,Мин. температура
3882,25017,2019-07-13,25.8,Макс. температура
3882,25017,2019-08-01,11.1,Макс. температура
3882,25017,2019-09-24,0.8,Макс. температура
3882,25017,2019-10-02,-4.0,Мин. температура
3882,25017,2019-11-13,-6.0,Макс. температура
3882,25017,2019-11-17,-14.5,Мин. температура
3882,25017,2019-12-26,-26.0,Мин. температура
3882,25017,2020-01-24,-43.5,Мин. температура
3882,25017,2020-02-09,-45.0,Мин. температура
3882,25017,2020-03-15,-25.9,Макс. температура
3882,25017,2020-03-31,-19.2,Мин. температура
3882,25017,2020-04-03,-30.6,Мин. температура
3882,25017,2020-04-10,-23.0,Мин. температура
3882,25017,2020-05-09,-15.5,Мин. температура
3882,25017,2020-05-20,-2.7,Мин. температура
3882,25017,2020-06-06,0.2,Мин. температура
3882,25017,2020-07-04,10.1,Макс. температура
3882,25017,2020-07-06,6.5,Мин. температура
3882,25017,2020-07-31,13.5,Макс. температура
3882,25017,2020-08-02,17.4,Макс. температура
3882,25017,2020-08-23,5.4,Макс. температура
3882,25017,2020-09-08,-0.2,Мин. температура
3882,25017,2020-09-11,3.3,Мин. температура
3882,25017,2020-09-15,1.5,Мин. температура
3882,25017,2020-09-19,5.0,Макс. температура
3882,25017,2020-10-01,4.1,Макс. температура
3882,25017,2020-10-10,-9.6,Мин. температура
3882,25017,2020-10-20,-7.2,Мин. температура
3882,25017,2020-10-21,-5.5,Макс. температура
3882,25017,2021-01-15,-25.2,Макс. температура
3882,25017,2021-03-24,-29.2,Мин. температура
3882,25017,2021-04-03,-22.2,Макс. температура
3882,25017,2021-04-28,-9.7,Мин. температура
3882,25017,2021-05-01,-4.5,Макс. температура
3882,25017,2021-08-08,4.5,Мин. температура
3882,25017,2021-09-06,8.5,Макс. температура
3882,25017,2021-09-18,0.5,Мин. температура
3882,25017,2021-10-26,-17.0,Макс. температура
3882,25017,2021-11-08,-21.6,Мин. температура
3882,25017,2021-11-27,-35.1,Мин. температура
3882,25017,2021-12-01,-30.2,Макс. температура
3882,25017,2021-12-12,-44.5,Мин. температура
3882,25017,2022-01-31,-30.7,Мин. температура
3882,25017,2022-02-06,-35.0,Мин. температура
3882,25017,2022-02-11,-34.5,Макс. температура
3882,25017,2022-02-23,-44.0,Мин. температура
3882,25017,2022-06-09,15.8,Макс. температура
3882,25017,2022-08-27,2.8,Мин. температура
3882,25017,2022-08-29,5.5,Мин. температура
3882,25017,2022-10-19,-19.8,Мин. температура
3882,25017,2022-11-25,-27.0,Мин. температура
3882,25017,2022-12-25,-31.0,Мин. температура
3882,25017,2023-01-19,-20.9,Макс. температура
3882,25017,2023-01-21,-27.5,Макс. температура
3882,25017,2023-02-17,-44.2,Мин. температура
3882,25017,2023-04-24,-10.4,Мин. температура
3882,25017,2023-05-04,-19.0,Мин. температура
3882,25017,2023-05-05,-7.3,Мин. температура
3882,25017,2023-05-23,5.6,Макс. температура
3882,25017,2015-01-15,-36.5,Мин. температура
3882,25017,2015-06-04,13.3,Макс. температура
3882,25017,2015-06-20,8.0,Мин. температура
3882,25017,2015-07-12,18.8,Макс. температура
3882,25017,2015-07-17,10.3,Макс. температура
3882,25017,2015-07-29,8.6,Макс. температура
3882,25017,2015-10-02,-4.9,Мин. температура
3882,25017,2015-11-17,-26.6,Мин. температура
3882,25017,2015-11-21,-22.0,Мин. температура
3882,25017,2015-12-01,-19.1,Макс. температура
3882,25017,2015-12-26,-38.5,Макс. температура
3882,25017,2016-03-17,-19.1,Макс. температура
3882,25017,2016-05-26,4.4,Макс. температура
3882,25017,2016-07-14,14.5,Макс. температура
3882,25017,2016-07-24,16.0,Макс. температура
3882,25017,2016-08-11,6.6,Мин. температура
3882,25017,2016-08-27,4.0,Мин. температура
3882,25017,2016-09-06,3.5,Мин. температура
3882,25017,2016-09-26,-0.1,Макс. температура
3882,25017,2016-11-03,-11.8,Мин. температура
3882,25017,2016-11-08,-5.2,Макс. температура
3882,25017,2016-11-29,-25.4,Мин. температура
3882,25017,2017-01-23,-37.5,Мин. температура
3882,25017,2017-01-29,-33.9,Макс. температура
3882,25017,2017-03-05,-32.9,Мин. температура
3882,25017,2017-03-30,-19.6,Мин. температура
3882,25017,2017-04-07,-10.5,Макс. температура
3882,25017,2017-11-19,-34.0,Мин. температура
3882,25017,2017-11-26,-15.6,Макс. температура
3882,25017,2018-02-11,-23.5,Мин. температура
3882,25017,2018-02-23,-30.5,Мин. температура
3882,25017,2018-05-16,-9.4,Мин. температура
3882,25017,2018-11-28,,Макс. температура
3882,25017,2018-12-12,-39.6,Мин. температура
3882,25017,2018-12-14,-38.5,Мин. температура
3882,25017,2018-12-18,-41.6,Мин. температура
3882,25017,2018-12-23,-34.5,Макс. температура
3882,25017,2018-12-26,-32.5,Макс. температура
3882,25017,2019-01-13,-24.4,Макс. температура
3882,25017,2019-02-12,-41.3,Мин. температура
3882,25017,2019-02-25,-40.6,Мин. температура
3882,25017,2019-03-28,-17.0,Макс. температура
3882,25017,2019-07-22,4.2,Мин. температура
3882,25017,2019-08-06,1.4,Мин. температура
3882,25017,2019-09-02,11.3,Макс. температура
3882,25017,2019-10-08,-4.0,Макс. температура
3882,25017,2019-11-02,-28.0,Мин. температура
3882,25017,2019-11-04,-12.4,Макс. температура
3882,25017,2019-11-18,-8.2,Макс. температура
3882,25017,2019-11-29,-34.1,Макс. температура
3882,25017,2020-01-12,-24.5,Макс. температура
3882,25017,2020-01-14,-28.5,Мин. температура
3882,25017,2020-03-31,-4.5,Макс. температура
3882,25017,2020-05-04,-8.3,Мин. температура
3882,25017,2020-05-11,3.5,Макс. температура
3882,25017,2020-05-21,-4.1,Мин. температура
3882,25017,2020-06-14,20.5,Макс. температура
3882,25017,2020-07-02,5.0,Мин. температура
3882,25017,2020-09-03,5.2,Макс. температура
3882,25017,2020-09-11,12.5,Макс. температура
3882,25017,2020-09-27,8.5,Макс. температура
3882,25017,2020-10-09,-0.4,Макс. температура
3882,25017,2020-12-03,-28.0,Мин. температура
3882,25017,2020-12-15,-31.6,Мин. температура
3882,25017,2020-12-26,-23.0,Макс. температура
3882,25017,2021-01-18,-28.7,Макс. температура
3882,25017,2021-03-04,-43.1,Мин. температура
3882,25017,2021-03-09,-24.5,Макс. температура
3882,25017,2021-04-04,-31.9,Мин. температура
3882,25017,2021-06-06,10.1,Мин. температура
3882,25017,2021-07-10,10.2,Мин. температура
3882,25017,2021-10-13,-12.5,Мин. температура
3882,25017,2021-10-22,-25.0,Мин. температура
3882,25017,2021-11-21,-16.5,Макс. температура
3882,25017,2021-12-10,-38.0,Макс. температура
3882,25017,2021-12-30,-31.0,Макс. температура
3882,25017,2022-01-04,-35.5,Мин. температура
3882,25017,2022-04-08,-23.0,Макс. температура
3882,25017,2022-04-09,-23.5,Макс. температура
3882,25017,2022-04-15,-12.6,Макс. температура
3882,25017,2022-05-10,3.8,Макс. температура
3882,25017,2022-05-12,-14.0,Мин. температура
3882,25017,2022-06-13,2.2,Мин. температура
3882,25017,2022-07-21,3.6,Мин. температура
3882,25017,2022-07-23,12.9,Макс. температура
3882,25017,2022-07-30,11.6,Мин. температура
3882,25017,2022-08-04,10.0,Макс. температура
3882,25017,2022-08-06,8.8,Мин. температура
3882,25017,2022-10-12,-2.7,Макс. температура
3882,25017,2022-10-17,-7.1,Макс. температура
3882,25017,2022-10-20,-9.4,Мин. температура
3882,25017,2023-01-03,-46.2,Мин. температура
3882,25017,2023-01-06,-47.3,Мин. температура
3882,25017,2023-02-04,-31.0,Мин. температура
3882,25017,2023-02-08,-39.1,Мин. температура
3882,25017,2023-02-24,-29.6,Макс. температура
3882,25017,2023-03-17,-4.3,Макс. температура
3882,25017,2023-03-30,-31.5,Мин. температура
3882,25017,2023-05-03,-23.4,Мин. температура
3882,25017,2023-09-05,2.2,Мин. температура
3882,25017,2023-10-12,-4.3,Макс. температура
3882,25017,2023-12-24,-36.1,Макс. температура
3882,25017,2024-01-17,-42.1,Мин. температура
3882,25017,2024-02-10,-35.2,Мин. температура
3882,25017,2024-02-24,-31.9,Мин. температура
3882,25017,2024-03-08,-28.0,Макс. температура
3882,25017,2024-03-09,-37.9,Мин. температура
3882,25017,2024-03-30,-32.0,Мин. температура
3882,25017,2024-05-15,-8.1,Макс. температура
3882,25017,2024-05-25,1.0,Макс. температура
3882,25017,2024-07-26,14.3,Макс. температура
3882,25017,2024-07-29,8.4,Мин. температура
3882,25017,2024-11-04,-12.1,Мин. температура
3882,25017,2024-12-13,-13.7,Макс. температура
3882,25017,2015-01-18,-40.1,Мин. температура
3882,25017,2015-01-21,-43.1,Мин. температура
3882,25017,2015-02-17,-35.4,Мин. температура
3882,25017,2015-02-21,-36.2,Мин. температура
3882,25017,2015-02-22,-32.5,Мин. температура
3882,25017,2015-03-21,-34.0,Мин. температура
3882,25017,2015-03-23,-10.0,Макс. температура
3882,25017,2015-04-12,-9.5,Макс. температура
3882,25017,2015-08-11,7.8,Мин. температура
3882,25017,2015-10-15,-11.0,Мин. температура
3882,25017,2015-10-31,-14.0,Макс. температура
3882,25017,2015-11-07,-15.0,Макс. температура
3882,25017,2015-11-07,-20.8,Мин. температура
3882,25017,2015-11-08,-16.6,Макс. температура
3882,25017,2015-11-22,-13.1,Макс. температура
3882,25017,2015-11-22,-21.5,Мин. температура
3882,25017,2015-11-29,-33.5,Мин. температура
3882,25017,2015-12-12,-38.3,Макс. температура
3882,25017,2016-01-10,-14.0,Макс. температура
3882,25017,2016-01-28,-31.6,Макс. температура
3882,25017,2016-02-12,-30.4,Макс. температура
3882,25017,2016-04-01,-12.5,Макс. температура
3882,25017,2016-04-09,-26.8,Мин. температура
3882,25017,2016-05-29,7.3,Макс. температура
3882,25017,2016-05-30,10.1,Макс. температура
3882,25017,2016-06-30,2.2,Мин. температура
3882,25017,2016-07-18,2.2,Мин. температура
3882,25017,2016-09-02,8.6,Мин. температура
3882,25017,2016-11-12,-33.0,Мин. температура
3882,25017,2016-11-17,-15.0,Макс. температура
3882,25017,2016-12-09,-25.2,Мин. температура
3882,25017,2016-12-12,-37.2,Мин. температура
3882,25017,2016-12-13,-27.0,Макс. температура
3882,25017,2016-12-29,-30.5,Макс. температура
3882,25017,2017-01-11,-21.0,Макс. температура
3882,25017,2017-04-10,-12.0,Макс. температура
3882,25017,2017-11-29,-18.0,Макс. температура
3882,25017,2017-12-21,-31.9,Мин. температура
3882,25017,2017-12-25,-34.5,Мин. температура
3882,25017,2018-02-08,-24.8,Мин. температура
3882,25017,2018-02-18,-22.0,Макс. температура
3882,25017,2018-04-04,0.3,Макс. температура
3882,25017,2018-05-09,-12.6,Мин. температура
3882,25017,2018-05-19,-4.4,Мин. температура
3882,25017,2018-11-08,-18.0,Макс. температура
3882,25017,2019-02-20,-40.0,Мин. температура
3882,25017,2019-04-06,-12.6,Макс. температура
3882,25017,2019-04-14,-24.4,Мин. температура
3882,25017,2019-04-16,-0.5,Макс. температура
3882,25017,2019-04-20,-15.8,Мин. температура
3882,25017,2019-07-09,10.7,Мин. температура
3882,25017,2019-08-05,13.4,Макс. температура
3882,25017,2019-08-06,17.4,Макс. температура
3882,25017,2019-09-27,-3.0,Мин. температура
3882,25017,2019-10-17,-2.5,Макс. температура
3882,25017,2019-12-21,-10.4,Макс. температура
3882,25017,2019-12-23,-40.5,Мин. температура
3882,25017,2019-12-31,-41.0,Мин. температура
3882,25017,2020-02-17,-33.0,Мин. температура
3882,25017,2020-04-25,-12.2,Мин. температура
3882,25017,2020-05-06,-7.0,Макс. температура
3882,25017,2020-05-09,0.4,Макс. температура
3882,25017,2020-05-12,-2.0,Мин. температура
3882,25017,2020-07-11,19.0,Макс. температура
3882,25017,2020-09-21,5.0,Макс. температура
3882,25017,2020-09-24,3.0,Мин. температура
3882,25017,2020-10-18,-1.0,Макс. температура
3882,25017,2020-12-18,-32.6,Мин. температура
3882,25017,2021-01-29,-27.9,Макс. температура
3882,25017,2021-03-03,-34.5,Макс. температура
3882,25017,2021-03-23,-22.0,Макс. температура
3882,25017,2021-04-05,-31.7,Мин. температура
3882,25017,2021-05-08,-11.5,Мин. температура
3882,25017,2021-07-18,15.5,Макс. температура
3882,25017,2021-07-18,7.0,Мин. температура
3882,25017,2021-08-09,1.0,Мин. температура
3882,25017,2021-10-13,-5.6,Макс. температура
3882,25017,2021-11-01,-12.9,Макс. температура
3882,25017,2021-11-19,-27.3,Мин. температура
3882,25017,2021-12-21,-20.0,Макс. температура
3882,25017,2022-01-14,-32.5,Макс. температура
3882,25017,2022-02-05,-33.5,Мин. температура
3882,25017,2022-03-20,-20.5,Макс. температура
3882,25017,2022-04-14,-31.5,Мин. температура
3882,25017,2022-07-06,14.4,Макс. температура
3882,25017,2022-08-17,4.0,Мин. температура
3882,25017,2022-10-28,-14.9,Мин. температура
3882,25017,2022-12-24,-27.5,Мин. температура
3882,25017,2023-04-03,-16.6,Макс. температура
3882,25017,2023-05-02,-23.2,Мин. температура
3882,25017,2023-06-05,-1.1,Мин. температура
3882,25017,2023-06-25,19.4,Макс. температура
3882,25017,2023-07-13,15.0,Мин. температура
3882,25017,2023-09-03,7.1,Макс. температура
3882,25017,2023-09-06,9.1,Макс. температура
3882,25017,2023-09-08,4.6,Мин. температура
3882,25017,2023-09-11,4.9,Мин. температура
3882,25017,2023-11-02,-8.1,Макс. температура
3882,25017,2023-12-01,-31.9,Мин. температура
3882,25017,2024-01-23,-33.8,Макс. температура
3882,25017,2024-04-17,-14.4,Мин. температура
3882,25017,2024-05-06,5.0,Макс. температура
3882,25017,2024-08-06,5.0,Мин. температура
3882,25017,2024-08-22,2.5,Мин. температура
3882,25017,2024-08-26,18.1,Макс. температура
3882,25017,2024-10-01,0.6,Макс. температура
3882,25017,2024-10-10,-6.7,Макс. температура
3882,25017,2024-12-28,-29.3,Макс. температура
3882,25017,2015-01-20,-39.5,Макс. температура
3882,25017,2015-02-15,-28.6,Макс. температура
3882,25017,2015-03-28,-14.6,Макс. температура
3882,25017,2015-06-29,12.6,Макс. температура
3882,25017,2015-07-05,9.0,Мин. температура
3882,25017,2015-07-28,7.2,Мин. температура
3882,25017,2015-11-19,-14.4,Макс. температура
3882,25017,2016-03-21,-14.0,Макс. температура
3882,25017,2016-04-13,-17.8,Макс. температура
3882,25017,2016-07-02,11.5,Макс. температура
3882,25017,2016-08-28,14.0,Макс. температура
3882,25017,2016-11-07,-4.4,Макс. температура
3882,25017,2016-12-18,-28.0,Мин. температура
3882,25017,2017-01-06,-36.2,Мин. температура
3882,25017,2017-02-02,-28.5,Макс. температура
3882,25017,2017-02-16,-34.6,Макс. температура
3882,25017,2017-03-13,-31.0,Мин. температура
3882,25017,2017-05-26,-0.2,Макс. температура
3882,25017,2017-11-27,-27.0,Мин. температура
3882,25017,2017-12-04,-19.9,Мин. температура
3882,25017,2017-12-09,-26.5,Мин. температура
3882,25017,2018-01-02,-23.8,Мин. температура
3882,25017,2018-01-08,-40.8,Мин. температура
3882,25017,2018-04-06,-14.5,Мин. температура
3882,25017,2018-12-09,-35.4,Мин. температура
3882,25017,2018-12-16,-32.6,Макс. температура
3882,25017,2019-01-11,-31.0,Макс. температура
3882,25017,2019-01-12,-36.7,Мин. температура
3882,25017,2019-01-31,-29.5,Макс. температура
3882,25017,2019-03-01,-19.9,Макс. температура
3882,25017,2019-08-29,4.6,Макс. температура
3882,25017,2019-09-23,1.0,Макс. температура
3882,25017,2019-10-08,-10.2,Мин. температура
3882,25017,2019-10-14,-3.0,Мин. температура
3882,25017,2019-10-25,-21.5,Мин. температура
3882,25017,2019-12-20,-40.2,Мин. температура
3882,25017,2020-01-10,-35.6,Мин. температура
3882,25017,2020-01-16,-23.9,Макс. температура
3882,25017,2020-01-25,-41.4,Макс. температура
3882,25017,2020-02-05,-38.0,Мин. температура
3882,25017,2020-04-08,-16.6,Мин. температура
3882,25017,2020-04-09,-10.2,Макс. температура
3882,25017,2020-04-25,-6.5,Макс. температура
3882,25017,2020-04-28,-5.6,Мин. температура
3882,25017,2020-05-22,0.5,Макс. температура
3882,25017,2020-06-03,8.0,Макс. температура
3882,25017,2020-06-04,-0.2,Мин. температура
3882,25017,2020-06-06,12.1,Макс. температура
3882,25017,2020-07-26,28.0,Макс. температура
3882,25017,2020-09-12,2.2,Мин. температура
3882,25017,2020-10-06,2.4,Макс. температура
3882,25017,2020-10-08,-7.5,Мин. температура
3882,25017,2020-10-28,-18.0,Мин. температура
3882,25017,2020-12-23,-36.5,Мин. температура
3882,25017,2021-01-24,-29.6,Макс. температура
3882,25017,2021-03-05,-42.0,Мин. температура
3882,25017,2021-03-15,-23.0,Макс. температура
3882,25017,2021-05-06,-7.2,Мин. температура
3882,25017,2021-05-17,-2.7,Мин. температура
3882,25017,2021-05-27,2.6,Мин. температура
3882,25017,2021-05-28,2.5,Мин. температура
3882,25017,2021-07-22,12.5,Мин. температура
3882,25017,2021-07-29,4.7,Макс. температура
3882,25017,2021-08-11,13.5,Макс. температура
3882,25017,2021-08-20,20.3,Макс. температура
3882,25017,2021-08-28,4.6,Мин. температура
3882,25017,2021-09-22,-3.0,Мин. температура
3882,25017,2021-10-21,-22.5,Мин. температура
3882,25017,2021-10-28,-27.0,Мин. температура
3882,25017,2021-10-30,-27.7,Мин. температура
3882,25017,2021-12-04,-22.7,Макс. температура
3882,25017,2021-12-27,-37.8,Мин. температура
3882,25017,2022-01-21,-39.0,Макс. температура
3882,25017,2022-01-24,-41.4,Мин. температура
3882,25017,2022-01-25,-43.0,Мин. температура
3882,25017,2022-02-02,-17.5,Макс. температура
3882,25017,2022-03-12,-16.0,Макс. температура
3882,25017,2022-03-25,-14.2,Макс. температура
3882,25017,2022-04-16,-19.7,Мин. температура
3882,25017,2022-07-06,6.5,Мин. температура
3882,25017,2022-08-05,12.3,Макс. температура
3882,25017,2022-09-06,1.3,Мин. температура
3882,25017,2022-09-13,0.3,Мин. температура
3882,25017,2022-12-23,-15.3,Макс. температура
3882,25017,2022-12-30,-41.9,Мин. температура
3882,25017,2023-01-10,-35.3,Макс. температура
3882,25017,2023-01-23,-28.8,Макс. температура
3882,25017,2023-03-04,-40.9,Мин. температура
3882,25017,2023-03-19,24.0,Макс. температура
3882,25017,2023-04-13,-17.0,Макс. температура
3882,25017,2023-05-08,-0.3,Макс. температура
3882,25017,2023-05-22,-4.2,Мин. температура
3882,25017,2023-06-04,1.4,Мин. температура
3882,25017,2023-06-19,7.5,Мин. температура
3882,25017,2023-07-02,17.1,Макс. температура
3882,25017,2023-07-05,13.2,Макс. температура
3882,25017,2023-07-14,25.1,Макс. температура
3882,25017,2023-08-06,6.5,Макс. температура
3882,25017,2023-08-09,7.0,Мин. температура
3882,25017,2023-08-30,12.9,Макс. температура
3882,25017,2023-10-05,8.0,Макс. температура
3882,25017,2023-12-11,-23.6,Мин. температура
3882,25017,2024-01-01,-41.3,Мин. температура
3882,25017,2024-01-04,-42.7,Мин. температура
3882,25017,2024-01-25,-33.8,Макс. температура
3882,25017,2024-03-31,-35.2,Мин. температура
3882,25017,2024-04-24,-10.1,Макс. температура
3882,25017,2024-06-27,13.0,Макс. температура
3882,25017,2024-07-04,20.2,Макс. температура
3882,25017,2024-07-15,0.5,Мин. температура
3882,25017,2024-07-18,5.5,Мин. температура
3882,25017,2024-08-08,6.3,Мин. температура
3882,25017,2024-08-09,20.8,Макс. температура
3882,25017,2024-08-17,12.3,Макс. температура
3882,25017,2024-09-17,-0.8,Мин. температура
3882,25017,2024-09-29,0.8,Макс. температура
3882,25017,2024-11-26,-34.6,Мин. температура
3882,25017,2024-12-25,-34.2,Мин. температура
3882,25017,2015-03-11,-36.1,Мин. температура
3882,25017,2015-03-18,-16.0,Макс. температура
3882,25017,2015-04-10,-28.5,Мин. температура
3882,25017,2015-05-12,-11.8,Мин. температура
3882,25017,2015-07-21,9.1,Мин. температура
3882,25017,2015-07-31,9.1,Макс. температура
3882,25017,2015-09-08,15.8,Макс. температура
3882,25017,2015-10-21,-18.4,Мин. температура
3882,25017,2015-12-12,-44.3,Мин. температура
3882,25017,2015-12-21,-34.6,Мин. температура
3882,25017,2015-12-25,-43.6,Мин. температура
3882,25017,2016-03-16,-28.5,Макс. температура
3882,25017,2016-03-27,-17.2,Макс. температура
3882,25017,2016-06-09,19.4,Макс. температура
3882,25017,2016-08-26,9.0,Мин. температура
3882,25017,2016-10-02,-2.8,Мин. температура
3882,25017,2016-11-05,-1.7,Макс. температура
3882,25017,2016-11-19,-26.2,Мин. температура
3882,25017,2017-01-02,-29.0,Макс. температура
3882,25017,2017-01-17,-33.6,Мин. температура
3882,25017,2017-02-12,-27.3,Мин. температура
3882,25017,2017-03-01,-30.0,Макс. температура
3882,25017,2017-03-14,-33.5,Мин. температура
3882,25017,2017-04-28,-13.6,Мин. температура
3882,25017,2018-02-27,-26.6,Мин. температура
3882,25017,2018-03-14,-36.9,Мин. температура
3882,25017,2018-11-06,-18.1,Макс. температура
3882,25017,2018-11-11,-22.0,Макс. температура
3882,25017,2018-11-20,,Мин. температура
3882,25017,2019-01-02,-20.0,Макс. температура
3882,25017,2019-03-02,-20.0,Макс. температура
3882,25017,2019-03-22,-23.5,Макс. температура
3882,25017,2019-04-05,-18.0,Мин. температура
3882,25017,2019-04-27,-8.0,Мин. температура
3882,25017,2019-05-01,-9.0,Макс. температура
3882,25017,2019-07-30,3.1,Мин. температура
3882,25017,2019-10-31,-23.0,Мин. температура
3882,25017,2019-12-02,-38.5,Мин. температура
3882,25017,2019-12-13,-35.1,Мин. температура
3882,25017,2019-12-18,-36.2,Мин. температура
3882,25017,2019-12-31,-35.0,Макс. температура
3882,25017,2020-01-06,-24.3,Макс. температура
3882,25017,2020-02-11,-28.5,Макс. температура
3882,25017,2020-02-19,-29.0,Макс. температура
3882,25017,2020-03-08,-34.0,Мин. температура
3882,25017,2020-03-27,-19.5,Макс. температура
3882,25017,2020-04-16,-28.1,Мин. температура
3882,25017,2020-04-17,-17.0,Макс. температура
3882,25017,2020-05-30,12.0,Макс. температура
3882,25017,2020-08-16,4.1,Мин. температура
3882,25017,2020-09-19,1.5,Мин. температура
3882,25017,2020-11-09,-12.1,Макс. температура
3882,25017,2020-11-28,-8.6,Макс. температура
3882,25017,2021-04-18,1.8,Макс. температура
3882,25017,2021-04-22,3.8,Макс. температура
3882,25017,2021-05-27,17.0,Макс. температура
3882,25017,2021-06-19,14.4,Макс. температура
3882,25017,2021-08-07,14.1,Макс. температура
3882,25017,2021-09-17,8.0,Макс. температура
3882,25017,2021-09-17,-1.0,Мин. температура
3882,25017,2021-09-25,2.0,Макс. температура
3882,25017,2021-11-02,-26.0,Мин. температура
3882,25017,2021-11-13,-15.6,Макс. температура
3882,25017,2021-12-29,-43.0,Мин. температура
3882,25017,2022-02-20,-26.6,Макс. температура
3882,25017,2022-03-14,-25.4,Макс. температура
3882,25017,2022-04-04,-16.5,Макс. температура
3882,25017,2022-04-05,-19.6,Макс. температура
3882,25017,2022-04-24,-10.0,Макс. температура
3882,25017,2022-06-01,20.0,Макс. температура
3882,25017,2022-06-04,-1.5,Мин. температура
3882,25017,2022-06-23,13.4,Макс. температура
3882,25017,2022-06-26,9.6,Макс. температура
3882,25017,2022-08-12,7.0,Мин. температура
3882,25017,2022-08-23,18.3,Макс. температура
3882,25017,2022-09-20,0.4,Мин. температура
3882,25017,2022-10-03,-4.9,Мин. температура
3882,25017,2022-10-05,-2.3,Макс. температура
3882,25017,2022-10-29,-13.6,Макс. температура
3882,25017,2022-11-29,-21.3,Макс. температура
3882,25017,2022-12-15,-41.4,Макс. температура
3882,25017,2023-01-12,-26.9,Макс. температура
3882,25017,2023-01-17,-29.0,Макс. температура
3882,25017,2023-02-27,-31.1,Макс. температура
3882,25017,2023-04-17,-23.5,Мин. температура
3882,25017,2023-04-22,-8.5,Мин. температура
3882,25017,2023-05-13,-14.0,Мин. температура
3882,25017,2023-05-15,-0.6,Макс. температура
3882,25017,2023-06-26,11.3,Мин. температура
3882,25017,2023-07-09,1.9,Мин. температура
3882,25017,2023-08-04,13.3,Макс. температура
3882,25017,2023-08-13,22.5,Макс. температура
3882,25017,2023-09-11,7.2,Макс. температура
3882,25017,2023-09-19,3.4,Макс. температура
3882,25017,2023-10-01,-6.3,Мин. температура
3882,25017,2024-02-17,-40.1,Макс. температура
3882,25017,2024-04-13,-26.0,Мин. температура
3882,25017,2024-05-03,-9.2,Мин. температура
3882,25017,2024-07-12,8.0,Мин. температура
3882,25017,2024-12-04,-14.5,Макс. температура
3882,25017,2024-12-24,-32.6,Макс. температура
3882,25017,2015-01-08,,Мин. температура
3882,25017,2015-02-18,-31.5,Макс. температура
3882,25017,2015-02-20,-27.2,Макс. температура
3882,25017,2015-02-20,-34.7,Мин. температура
3882,25017,2015-06-22,3.0,Мин. температура
3882,25017,2015-08-14,2.2,Мин. температура
3882,25017,2015-09-05,1.1,Мин. температура
3882,25017,2015-09-10,5.9,Мин. температура
3882,25017,2015-09-16,0.8,Мин. температура
3882,25017,2015-09-17,1.0,Мин. температура
3882,25017,2015-09-30,2.5,Макс. температура
3882,25017,2015-11-08,-25.0,Мин. температура
3882,25017,2015-12-18,-31.7,Макс. температура
3882,25017,2015-12-19,-38.0,Мин. температура
3882,25017,2016-01-08,-20.4,Макс. температура
3882,25017,2016-01-16,-17.5,Макс. температура
3882,25017,2016-02-27,-29.9,Макс. температура
3882,25017,2016-02-28,-29.5,Макс. температура
3882,25017,2016-04-24,-8.0,Макс. температура
3882,25017,2016-05-01,-1.7,Макс. температура
3882,25017,2016-05-05,-20.4,Мин. температура
3882,25017,2016-07-27,9.6,Мин. температура
3882,25017,2016-08-05,14.0,Мин. температура
3882,25017,2016-08-11,15.0,Макс. температура
3882,25017,2016-08-31,6.3,Мин. температура
3882,25017,2016-10-04,-0.8,Мин. температура
3882,25017,2016-10-26,-1.0,Макс. температура
3882,25017,2016-12-17,-30.9,Мин. температура
3882,25017,2016-12-24,-15.4,Макс. температура
3882,25017,2016-12-31,-28.0,Мин. температура
3882,25017,2017-01-22,-35.4,Макс. температура
3882,25017,2017-02-28,-31.7,Мин. температура
3882,25017,2017-03-10,-25.7,Мин. температура
3882,25017,2017-04-18,-9.5,Мин. температура
3882,25017,2017-04-25,-9.5,Макс. температура
3882,25017,2017-05-15,-11.5,Мин. температура
3882,25017,2017-05-31,-5.7,Мин. температура
3882,25017,2017-11-30,-18.5,Макс. температура
3882,25017,2017-12-01,-14.9,Макс. температура
3882,25017,2018-01-04,-37.2,Мин. температура
3882,25017,2018-01-14,-43.4,Мин. температура
3882,25017,2018-02-02,-9.0,Макс. температура
3882,25017,2018-02-25,-35.6,Мин. температура
3882,25017,2018-03-02,-21.0,Макс. температура
3882,25017,2018-03-19,-38.0,Мин. температура
3882,25017,2018-04-18,-6.8,Макс. температура
3882,25017,2018-05-26,-6.0,Мин. температура
3882,25017,2018-11-17,-26.5,Мин. температура
3882,25017,2019-01-25,-27.5,Макс. температура
3882,25017,2019-02-08,-38.5,Мин. температура
3882,25017,2019-02-09,-29.0,Макс. температура
3882,25017,2019-04-03,-6.5,Макс. температура
3882,25017,2019-09-03,1.0,Мин. температура
3882,25017,2019-09-13,10.5,Макс. температура
3882,25017,2019-10-15,-0.7,Макс. температура
3882,25017,2019-11-06,-5.9,Макс. температура
3882,25017,2019-12-14,-25.1,Макс. температура
3882,25017,2019-12-19,-39.0,Мин. температура
3882,25017,2020-01-03,-30.3,Мин. температура
3882,25017,2020-02-21,-30.2,Макс. температура
3882,25017,2020-03-10,-33.2,Мин. температура
3882,25017,2020-03-18,-33.2,Мин. температура
3882,25017,2020-04-01,-19.1,Макс. температура
3882,25017,2020-05-19,-2.1,Мин. температура
3882,25017,2020-05-24,2.7,Макс. температура
3882,25017,2020-06-01,0.0,Мин. температура
3882,25017,2020-06-03,2.3,Мин. температура
3882,25017,2020-07-14,10.5,Мин. температура
3882,25017,2020-07-15,5.1,Мин. температура
3882,25017,2020-09-06,3.5,Мин. температура
3882,25017,2021-03-08,-22.8,Макс. температура
3882,25017,2021-03-11,-29.0,Мин. температура
3882,25017,2021-03-13,-28.5,Макс. температура
3882,25017,2021-03-23,-27.5,Мин. температура
3882,25017,2021-06-26,26.1,Макс. температура
3882,25017,2021-08-05,1.5,Мин. температура
3882,25017,2021-08-12,15.8,Макс. температура
3882,25017,2021-08-17,8.6,Макс. температура
3882,25017,2021-12-24,-24.0,Макс. температура
3882,25017,2022-01-20,-38.4,Макс. температура
3882,25017,2022-02-17,-36.2,Мин. температура
3882,25017,2022-03-07,-27.6,Мин. температура
3882,25017,2022-03-13,-30.0,Мин. температура
3882,25017,2022-03-22,-7.5,Макс. температура
3882,25017,2022-03-24,-16.2,Макс. температура
3882,25017,2022-03-24,-24.5,Мин. температура
3882,25017,2022-04-22,-8.2,Макс. температура
3882,25017,2022-05-07,-10.5,Мин. температура
3882,25017,2022-05-11,-3.5,Макс. температура
3882,25017,2022-05-31,3.1,Мин. температура
3882,25017,2022-08-01,13.4,Мин. температура
3882,25017,2022-08-07,10.8,Макс. температура
3882,25017,2022-08-14,2.2,Мин. температура
3882,25017,2022-10-25,-25.6,Мин. температура
3882,25017,2022-11-04,-30.0,Мин. температура
3882,25017,2022-12-16,-46.3,Мин. температура
3882,25017,2022-12-28,-25.5,Макс. температура
3882,25017,2023-01-22,-39.4,Мин. температура
3882,25017,2023-02-26,-39.5,Мин. температура
3882,25017,2023-03-08,-32.6,Макс. температура
3882,25017,2023-04-06,-22.2,Мин. температура
3882,25017,2023-06-15,11.0,Макс. температура
3882,25017,2023-08-05,15.1,Макс. температура
3882,25017,2023-09-04,2.0,Мин. температура
3882,25017,2023-09-23,1.4,Мин. температура
3882,25017,2023-09-27,3.7,Макс. температура
3882,25017,2023-11-09,-14.5,Макс. температура
3882,25017,2023-11-20,-30.6,Макс. температура
3882,25017,2023-11-25,-21.5,Макс. температура
3882,25017,2023-12-30,-30.1,Макс. температура
3882,25017,2024-03-03,-20.4,Макс. температура
3882,25017,2024-03-04,-28.8,Мин. температура
3882,25017,2024-03-08,-36.5,Мин. температура
3882,25017,2024-03-11,-31.0,Макс. температура
3882,25017,2024-04-24,-21.4,Мин. температура
3882,25017,2024-05-01,-3.6,Мин. температура
3882,25017,2024-05-10,-4.5,Макс. температура
3882,25017,2024-06-18,12.5,Мин. температура
3882,25017,2024-06-28,3.8,Мин. температура
3882,25017,2015-02-07,-47.5,Мин. температура
3882,25017,2015-02-27,-31.5,Макс. температура
3882,25017,2015-03-22,-20.0,Макс. температура
3882,25017,2015-04-20,-17.2,Мин. температура
3882,25017,2015-05-02,-7.6,Макс. температура
3882,25017,2015-05-09,-11.0,Макс. температура
3882,25017,2015-09-29,2.2,Макс. температура
3882,25017,2015-10-03,-6.0,Мин. температура
3882,25017,2015-11-18,-25.7,Мин. температура
3882,25017,2015-12-13,-43.5,Мин. температура
3882,25017,2016-02-15,-30.1,Макс. температура
3882,25017,2016-04-20,-23.3,Мин. температура
3882,25017,2016-05-20,3.1,Макс. температура
3882,25017,2016-05-28,-0.2,Мин. температура
3882,25017,2016-08-22,12.4,Макс. температура
3882,25017,2016-08-23,2.7,Мин. температура
3882,25017,2016-09-14,0.4,Мин. температура
3882,25017,2016-10-16,0.0,Макс. температура
3882,25017,2016-11-28,-20.0,Макс. температура
3882,25017,2016-12-17,-26.6,Макс. температура
3882,25017,2016-12-27,-27.3,Мин. температура
3882,25017,2017-01-01,-24.5,Макс. температура
3882,25017,2017-03-06,-23.0,Макс. температура
3882,25017,2017-03-29,-17.2,Мин. температура
3882,25017,2017-05-27,-5.1,Мин. температура
3882,25017,2017-12-09,-17.0,Макс. температура
3882,25017,2017-12-11,-28.0,Мин. температура
3882,25017,2017-12-12,-21.0,Макс. температура
3882,25017,2017-12-17,-23.5,Мин. температура
3882,25017,2017-12-31,-30.5,Мин. температура
3882,25017,2018-01-24,-19.5,Макс. температура
3882,25017,2018-04-11,-14.0,Макс. температура
3882,25017,2018-06-01,-1.0,Макс. температура
3882,25017,2019-01-24,-32.0,Макс. температура
3882,25017,2019-02-26,-42.4,Мин. температура
3882,25017,2019-03-11,-24.9,Мин. температура
3882,25017,2019-03-21,-22.5,Макс. температура
3882,25017,2019-07-05,6.7,Мин. температура
3882,25017,2019-07-12,18.6,Мин. температура
3882,25017,2019-07-21,12.8,Макс. температура
3882,25017,2020-01-09,-34.7,Мин. температура
3882,25017,2020-02-01,-36.1,Макс. температура
3882,25017,2020-03-07,-25.5,Макс. температура
3882,25017,2020-04-27,-16.0,Мин. температура
3882,25017,2020-05-05,-10.7,Мин. температура
3882,25017,2020-06-24,19.9,Макс. температура
3882,25017,2020-07-03,8.7,Макс. температура
3882,25017,2020-07-17,10.8,Макс. температура
3882,25017,2020-09-25,9.0,Макс. температура
3882,25017,2020-11-15,-28.5,Макс. температура
3882,25017,2020-12-21,-36.5,Мин. температура
3882,25017,2020-12-27,-31.6,Макс. температура
3882,25017,2021-02-28,-23.9,Макс. температура
3882,25017,2021-03-15,-38.0,Мин. температура
3882,25017,2021-04-14,-8.5,Макс. температура
3882,25017,2021-06-04,23.6,Макс. температура
3882,25017,2021-06-14,7.2,Мин. температура
3882,25017,2021-06-16,9.6,Макс. температура
3882,25017,2021-06-16,4.5,Мин. температура
3882,25017,2021-07-03,4.0,Мин. температура
3882,25017,2021-07-19,17.2,Макс. температура
3882,25017,2021-07-28,3.0,Мин. температура
3882,25017,2021-08-18,3.3,Мин. температура
3882,25017,2021-09-07,1.0,Мин. температура
3882,25017,2021-10-11,-7.1,Макс. температура
3882,25017,2021-11-18,-16.8,Макс. температура
3882,25017,2021-12-20,-40.0,Мин. температура
3882,25017,2022-01-09,-29.0,Мин. температура
3882,25017,2022-03-21,-20.7,Макс. температура
3882,25017,2022-03-21,-28.0,Мин. температура
3882,25017,2022-04-28,-7.8,Макс. температура
3882,25017,2022-07-09,10.6,Макс. температура
3882,25017,2022-07-09,4.9,Мин. температура
3882,25017,2022-08-08,4.5,Мин. температура
3882,25017,2022-10-13,-5.2,Макс. температура
3882,25017,2022-12-16,-27.8,Макс. температура
3882,25017,2023-01-01,-43.2,Мин. температура
3882,25017,2023-02-28,-36.1,Макс. температура
3882,25017,2023-03-05,-38.3,Макс. температура
3882,25017,2023-03-15,-26.7,Мин. температура
3882,25017,2023-04-11,-28.9,Мин. температура
3882,25017,2023-05-19,6.3,Макс. температура
3882,25017,2023-05-24,2.5,Мин. температура
3882,25017,2023-07-10,10.1,Макс. температура
3882,25017,2023-09-18,-0.2,Мин. температура
3882,25017,2023-10-10,-3.8,Макс. температура
3882,25017,2023-11-05,-13.4,Мин. температура
3882,25017,2023-11-26,-31.3,Мин. температура
3882,25017,2023-12-16,-22.9,Макс. температура
3882,25017,2024-02-02,-22.2,Макс. температура
3882,25017,2024-04-04,-18.5,Макс. температура
3882,25017,2024-05-16,-6.5,Макс. температура
3882,25017,2024-05-17,-9.4,Мин. температура
3882,25017,2024-05-30,-3.3,Мин. температура
3882,25017,2024-06-10,12.9,Макс. температура
3882,25017,2024-06-29,6.6,Мин. температура
3882,25017,2024-07-03,9.4,Мин. температура
3882,25017,2024-09-25,-3.9,Мин. температура
3882,25017,2024-10-11,-4.1,Макс. температура
3882,25017,2024-10-30,-10.4,Мин. температура
3882,25017,2024-11-11,-23.2,Макс. температура
3882,25017,2024-11-12,-20.2,Макс. температура
3882,25017,2024-11-18,-20.7,Макс. температура
3882,25017,2023-11-10,-16.9,Макс. температура
3882,25017,2023-11-14,-14.2,Макс. температура
3882,25017,2024-01-05,-32.0,Макс. температура
3882,25017,2024-03-20,-30.4,Мин. температура
3882,25017,2024-07-18,24.7,Макс. температура
3882,25017,2024-07-19,6.1,Мин. температура
3882,25017,2024-07-21,9.3,Мин. температура
3882,25017,2024-12-14,-13.2,Макс. температура
3882,25017,2024-12-18,-18.0,Макс. температура
3882,25017,2015-01-28,-34.0,Макс. температура
3882,25017,2015-03-29,-22.0,Макс. температура
3882,25017,2015-05-30,4.0,Макс. температура
3882,25017,2015-06-30,5.3,Мин. температура
3882,25017,2015-07-02,12.8,Мин. температура
3882,25017,2015-07-08,7.2,Мин. температура
3882,25017,2015-07-18,11.0,Макс. температура
3882,25017,2015-07-22,11.8,Макс. температура
3882,25017,2015-07-24,8.4,Мин. температура
3882,25017,2015-08-17,5.8,Мин. температура
3882,25017,2015-09-01,6.4,Мин. температура
3882,25017,2015-09-18,-0.1,Мин. температура
3882,25017,2016-01-04,-31.8,Макс. температура
3882,25017,2016-01-18,-38.1,Мин. температура
3882,25017,2016-01-29,-32.9,Макс. температура
3882,25017,2016-01-30,-37.0,Мин. температура
3882,25017,2016-04-16,-14.2,Макс. температура
3882,25017,2016-04-26,-10.6,Макс. температура
3882,25017,2016-05-12,-5.0,Макс. температура
3882,25017,2016-06-11,4.2,Мин. температура
3882,25017,2016-06-21,1.5,Мин. температура
3882,25017,2016-08-12,8.3,Мин. температура
3882,25017,2016-09-29,-1.5,Мин. температура
3882,25017,2016-10-12,-1.0,Мин. температура
3882,25017,2016-10-19,-11.7,Мин. температура
3882,25017,2016-11-09,-13.5,Макс. температура
3882,25017,2016-12-07,-31.9,Мин. температура
3882,25017,2016-12-23,-15.2,Макс. температура
3882,25017,2017-03-22,-15.5,Мин. температура
3882,25017,2017-03-25,-13.4,Макс. температура
3882,25017,2017-04-08,-24.5,Мин. температура
3882,25017,2017-05-06,-12.2,Мин. температура
3882,25017,2017-06-01,0.2,Мин. температура
3882,25017,2017-11-22,-12.0,Макс. температура
3882,25017,2018-04-22,-15.0,Мин. температура
3882,25017,2018-06-01,-2.0,Мин. температура
3882,25017,2018-11-17,-24.5,Макс. температура
3882,25017,2018-11-23,,Мин. температура
3882,25017,2019-01-11,-36.4,Мин. температура
3882,25017,2019-01-24,-36.5,Мин. температура
3882,25017,2019-02-08,-27.0,Макс. температура
3882,25017,2019-08-09,24.4,Макс. температура
3882,25017,2019-08-19,19.4,Макс. температура
3882,25017,2019-09-24,-2.6,Мин. температура
3882,25017,2019-09-27,1.7,Макс. температура
3882,25017,2019-10-07,-3.5,Макс. температура
3882,25017,2019-10-30,-11.6,Макс. температура
3882,25017,2019-11-03,-18.1,Мин. температура
3882,25017,2019-11-20,-29.3,Мин. температура
3882,25017,2019-12-07,-17.6,Макс. температура
3882,25017,2019-12-20,-26.7,Макс. температура
3882,25017,2019-12-30,-30.3,Макс. температура
3882,25017,2020-01-02,-41.6,Мин. температура
3882,25017,2020-01-17,-23.1,Макс. температура
3882,25017,2020-03-14,-35.5,Мин. температура
3882,25017,2020-03-16,-37.8,Мин. температура
3882,25017,2020-04-04,-27.0,Мин. температура
3882,25017,2020-04-06,-9.3,Макс. температура
3882,25017,2020-04-14,-10.1,Макс. температура
3882,25017,2020-04-16,-15.0,Макс. температура
3882,25017,2020-04-26,-0.1,Макс. температура
3882,25017,2020-05-14,-1.0,Мин. температура
3882,25017,2020-05-27,-2.1,Мин. температура
3882,25017,2020-07-13,16.9,Макс. температура
3882,25017,2020-07-21,7.0,Мин. температура
3882,25017,2020-07-29,13.0,Макс. температура
3882,25017,2020-08-10,4.0,Мин. температура
3882,25017,2020-08-26,6.4,Макс. температура
3882,25017,2020-09-04,1.5,Мин. температура
3882,25017,2020-09-23,-0.5,Мин. температура
3882,25017,2020-10-07,-6.5,Мин. температура
3882,25017,2020-10-09,-5.0,Мин. температура
3882,25017,2020-11-05,-7.5,Макс. температура
3882,25017,2020-11-11,-10.2,Макс. температура
3882,25017,2020-11-15,-30.5,Мин. температура
3882,25017,2020-12-04,-26.5,Макс. температура
3882,25017,2020-12-08,-20.0,Макс. температура
3882,25017,2021-01-28,-41.0,Мин. температура
3882,25017,2021-03-27,-19.1,Макс. температура
3882,25017,2021-05-13,-4.2,Макс. температура
3882,25017,2021-05-20,4.5,Макс. температура
3882,25017,2021-05-25,-2.0,Мин. температура
3882,25017,2021-06-03,6.1,Мин. температура
3882,25017,2021-06-24,12.4,Мин. температура
3882,25017,2021-10-03,-8.6,Мин. температура
3882,25017,2021-12-26,-29.5,Макс. температура
3882,25017,2022-01-08,-22.0,Мин. температура
3882,25017,2022-03-11,-18.0,Макс. температура
3882,25017,2022-05-09,-4.5,Макс. температура
3882,25017,2022-06-19,13.5,Макс. температура
3882,25017,2022-07-27,12.1,Макс. температура
3882,25017,2022-08-02,15.7,Мин. температура
3882,25017,2022-09-10,6.4,Мин. температура
3882,25017,2022-09-27,-1.2,Мин. температура
3882,25017,2022-10-25,-17.0,Макс. температура
3882,25017,2022-12-05,-45.2,Мин. температура
3882,25017,2022-12-15,-43.9,Мин. температура
3882,25017,2023-01-20,-29.0,Макс. температура
3882,25017,2023-04-09,-31.0,Мин. температура
3882,25017,2023-04-15,-22.7,Мин. температура
3882,25017,2023-04-18,-20.9,Мин. температура
3882,25017,2023-04-23,-15.2,Мин. температура
3882,25017,2023-05-06,-1.5,Макс. температура
3882,25017,2023-08-02,3.9,Мин. температура
3882,25017,2023-08-07,8.3,Макс. температура
3882,25017,2023-08-19,10.1,Макс. температура
3882,25017,2023-09-15,8.8,Макс. температура
3882,25017,2023-10-21,-19.8,Мин. температура
3882,25017,2023-11-29,-17.2,Макс. температура
3882,25017,2024-01-30,-23.7,Макс. температура
3882,25017,2024-02-25,-28.9,Макс. температура
3882,25017,2024-02-27,-30.8,Мин. температура
3882,25017,2024-03-28,-25.5,Макс. температура
3882,25017,2024-05-10,-8.5,Мин. температура
3882,25017,2024-06-08,-1.3,Мин. температура
3882,25017,2024-06-12,3.6,Мин. температура
3882,25017,2024-06-15,23.2,Макс. температура
3882,25017,2024-07-10,22.7,Макс. температура
3882,25017,2024-07-16,19.8,Макс. температура
3882,25017,2015-01-01,-37.5,Мин. температура
3882,25017,2015-02-05,-41.0,Макс. температура
3882,25017,2015-04-25,-16.5,Мин. температура
3882,25017,2015-05-07,-15.6,Мин. температура
3882,25017,2015-05-29,0.6,Макс. температура
3882,25017,2015-07-29,6.1,Мин. температура
3882,25017,2015-08-30,4.1,Мин. температура
3882,25017,2015-09-18,2.5,Макс. температура
3882,25017,2015-10-02,-2.0,Макс. температура
3882,25017,2015-10-19,-13.5,Макс. температура
3882,25017,2015-11-04,-16.4,Макс. температура
3882,25017,2016-02-06,-31.7,Мин. температура
3882,25017,2016-02-21,-19.9,Макс. температура
3882,25017,2016-03-19,-15.2,Макс. температура
3882,25017,2016-03-29,-28.0,Мин. температура
3882,25017,2016-05-17,4.2,Мин. температура
3882,25017,2016-06-30,13.1,Макс. температура
3882,25017,2016-08-08,19.0,Макс. температура
3882,25017,2016-09-08,17.8,Макс. температура
3882,25017,2016-11-16,-20.5,Мин. температура
3882,25017,2016-11-21,-22.9,Мин. температура
3882,25017,2016-12-11,-14.2,Макс. температура
3882,25017,2017-02-12,-19.0,Макс. температура
3882,25017,2017-02-23,-32.2,Макс. температура
3882,25017,2017-04-13,-14.0,Макс. температура
3882,25017,2017-05-21,-0.7,Мин. температура
3882,25017,2017-12-14,-27.6,Мин. температура
3882,25017,2018-01-24,-30.5,Мин. температура
3882,25017,2018-04-08,-14.1,Макс. температура
3882,25017,2018-05-18,-6.7,Мин. температура
3882,25017,2018-11-15,-26.2,Мин. температура
3882,25017,2018-12-20,-42.0,Мин. температура
3882,25017,2018-12-26,-38.2,Мин. температура
3882,25017,2019-01-03,-18.7,Макс. температура
3882,25017,2019-01-04,-32.0,Мин. температура
3882,25017,2019-03-30,-9.5,Макс. температура
3882,25017,2019-04-05,-9.5,Макс. температура
3882,25017,2019-08-15,2.5,Мин. температура
3882,25017,2019-08-16,14.2,Макс. температура
3882,25017,2019-09-22,-4.0,Мин. температура
3882,25017,2019-09-26,0.5,Макс. температура
3882,25017,2019-10-23,-15.5,Мин. температура
3882,25017,2019-11-02,-11.5,Макс. температура
3882,25017,2020-01-03,-22.1,Макс. температура
3882,25017,2020-01-13,-27.5,Мин. температура
3882,25017,2020-01-22,-28.5,Макс. температура
3882,25017,2020-03-07,-32.0,Мин. температура
3882,25017,2020-03-26,-22.1,Макс. температура
3882,25017,2020-05-01,-8.2,Мин. температура
3882,25017,2020-05-20,-0.1,Макс. температура
3882,25017,2020-07-28,19.2,Макс. температура
3882,25017,2020-08-03,7.5,Мин. температура
3882,25017,2020-08-12,9.0,Макс. температура
3882,25017,2020-09-07,1.9,Мин. температура
3882,25017,2020-09-30,1.0,Мин. температура
3882,25017,2021-02-19,-36.2,Мин. температура
3882,25017,2021-04-17,-26.5,Мин. температура
3882,25017,2021-05-03,-16.6,Мин. температура
3882,25017,2021-05-04,5.5,Макс. температура
3882,25017,2021-06-12,0.0,Мин. температура
3882,25017,2021-06-17,10.4,Макс. температура
3882,25017,2021-07-03,23.0,Макс. температура
3882,25017,2021-09-19,-0.8,Мин. температура
3882,25017,2021-10-01,-2.0,Макс. температура
3882,25017,2021-10-10,-10.5,Мин. температура
3882,25017,2021-12-03,-22.2,Макс. температура
3882,25017,2022-01-12,-24.0,Макс. температура
3882,25017,2022-03-27,-18.0,Макс. температура
3882,25017,2022-03-28,-12.0,Макс. температура
3882,25017,2022-03-31,-27.0,Мин. температура
3882,25017,2022-06-14,8.5,Мин. температура
3882,25017,2022-07-28,12.9,Макс. температура
3882,25017,2022-08-11,11.1,Мин. температура
3882,25017,2022-09-02,10.7,Макс. температура
3882,25017,2022-09-04,5.6,Макс. температура
3882,25017,2022-10-02,-1.0,Макс. температура
3882,25017,2022-10-08,-6.4,Мин. температура
3882,25017,2022-11-08,-31.2,Мин. температура
3882,25017,2023-01-07,-40.0,Макс. температура
3882,25017,2023-03-09,-29.5,Макс. температура
3882,25017,2023-03-11,-25.5,Макс. температура
3882,25017,2023-03-20,-26.4,Мин. температура
3882,25017,2023-04-16,-24.2,Мин. температура
3882,25017,2023-04-20,-8.3,Макс. температура
3882,25017,2023-04-21,-0.7,Макс. температура
3882,25017,2023-04-30,-6.1,Макс. температура
3882,25017,2023-06-01,-1.2,Мин. температура
3882,25017,2023-07-16,19.4,Мин. температура
3882,25017,2023-08-20,10.9,Макс. температура
3882,25017,2023-09-18,4.2,Макс. температура
3882,25017,2023-10-29,-23.4,Мин. температура
3882,25017,2023-12-11,-17.9,Макс. температура
3882,25017,2023-12-18,-33.3,Мин. температура
3882,25017,2024-02-19,-33.1,Макс. температура
3882,25017,2024-04-14,-28.7,Мин. температура
3882,25017,2024-04-25,-16.6,Мин. температура
3882,25017,2024-06-05,-12.4,Мин. температура
3882,25017,2024-08-05,11.5,Макс. температура
3882,25017,2024-08-07,7.8,Мин. температура
3882,25017,2024-08-15,7.6,Макс. температура
3882,25017,2024-08-25,0.0,Мин. температура
3882,25017,2024-10-03,-2.4,Макс. температура
3882,25017,2024-12-08,-33.9,Мин. температура
3882,25017,2024-12-15,-21.1,Макс. температура
3882,25017,2024-12-20,-20.8,Макс. температура
3882,25017,2023-09-22,3.8,Макс. температура
3882,25017,2023-10-24,-8.6,Мин. температура
3882,25017,2023-11-17,-21.5,Мин. температура
3882,25017,2023-12-05,-30.5,Макс. температура
3882,25017,2023-12-20,-38.4,Мин. температура
3882,25017,2023-12-30,-39.2,Мин. температура
3882,25017,2023-12-31,-45.0,Мин. температура
3882,25017,2024-01-20,-47.0,Мин. температура
3882,25017,2024-02-07,-38.5,Мин. температура
3882,25017,2024-02-08,-37.2,Мин. температура
3882,25017,2024-02-20,-41.9,Мин. температура
3882,25017,2024-03-04,-20.2,Макс. температура
3882,25017,2024-04-08,-7.6,Макс. температура
3882,25017,2024-04-15,-23.3,Мин. температура
3882,25017,2024-04-16,-20.5,Мин. температура
3882,25017,2024-05-08,4.4,Макс. температура
3882,25017,2024-07-05,5.0,Мин. температура
3882,25017,2024-07-13,3.1,Мин. температура
3882,25017,2024-08-02,12.7,Макс. температура
3882,25017,2024-08-10,14.3,Макс. температура
3882,25017,2024-12-11,-22.9,Мин. температура
3882,25017,2015-04-03,-30.8,Мин. температура
3882,25017,2015-04-22,-13.0,Макс. температура
3882,25017,2015-05-21,-3.3,Макс. температура
3882,25017,2015-05-22,-2.2,Макс. температура
3882,25017,2015-06-24,7.0,Мин. температура
3882,25017,2015-06-28,10.0,Макс. температура
3882,25017,2015-07-05,21.5,Макс. температура
3882,25017,2015-07-10,4.2,Мин. температура
3882,25017,2015-08-06,6.6,Мин. температура
3882,25017,2015-11-01,-23.0,Мин. температура
3882,25017,2015-11-13,-19.0,Макс. температура
3882,25017,2015-11-29,-29.7,Макс. температура
3882,25017,2015-12-06,-33.3,Мин. температура
3882,25017,2016-01-03,-25.9,Макс. температура
3882,25017,2016-01-04,-36.1,Мин. температура
3882,25017,2016-03-03,-35.5,Мин. температура
3882,25017,2016-03-29,-16.2,Макс. температура
3882,25017,2016-04-04,-26.3,Мин. температура
3882,25017,2016-05-23,1.4,Макс. температура
3882,25017,2016-05-27,6.4,Макс. температура
3882,25017,2016-07-07,10.6,Макс. температура
3882,25017,2016-07-20,10.4,Мин. температура
3882,25017,2016-07-22,12.7,Макс. температура
3882,25017,2016-08-07,15.7,Макс. температура
3882,25017,2016-08-18,6.5,Мин. температура
3882,25017,2017-02-13,-29.2,Мин. температура
3882,25017,2017-03-18,-11.6,Макс. температура
3882,25017,2017-11-10,-13.0,Макс. температура
3882,25017,2017-11-24,-27.1,Макс. температура
3882,25017,2017-12-18,-26.2,Мин. температура
3882,25017,2018-01-15,-33.0,Макс. температура
3882,25017,2018-01-31,-26.0,Мин. температура
3882,25017,2018-02-11,-17.2,Макс. температура
3882,25017,2018-02-19,-21.5,Макс. температура
3882,25017,2018-04-17,-10.2,Макс. температура
3882,25017,2018-05-20,-3.0,Мин. температура
3882,25017,2018-11-04,-20.6,Макс. температура
3882,25017,2018-12-06,-39.2,Мин. температура
3882,25017,2018-12-21,-41.3,Мин. температура
3882,25017,2019-01-08,-27.8,Макс. температура
3882,25017,2019-01-27,-41.2,Мин. температура
3882,25017,2019-01-28,-29.0,Макс. температура
3882,25017,2019-02-25,-32.5,Макс. температура
3882,25017,2019-04-01,-19.9,Мин. температура
3882,25017,2019-04-12,-19.4,Мин. температура
3882,25017,2019-07-24,8.0,Макс. температура
3882,25017,2019-08-08,8.0,Мин. температура
3882,25017,2019-08-17,1.6,Мин. температура
3882,25017,2019-09-30,-3.1,Мин. температура
3882,25017,2019-10-22,-12.0,Макс. температура
3882,25017,2019-11-25,-31.0,Макс. температура
3882,25017,2020-03-20,-21.0,Макс. температура
3882,25017,2020-05-24,-1.4,Мин. температура
3882,25017,2020-06-13,19.0,Макс. температура
3882,25017,2020-07-04,2.7,Мин. температура
3882,25017,2020-08-07,14.5,Макс. температура
3882,25017,2020-08-14,7.4,Макс. температура
3882,25017,2020-08-25,1.4,Мин. температура
3882,25017,2020-09-04,4.4,Макс. температура
3882,25017,2020-10-24,-15.1,Мин. температура
3882,25017,2020-12-22,-20.3,Макс. температура
3882,25017,2021-01-04,-33.5,Мин. температура
3882,25017,2021-01-21,-37.3,Макс. температура
3882,25017,2021-02-20,-37.0,Мин. температура
3882,25017,2021-03-19,-29.7,Макс. температура
3882,25017,2021-04-21,-11.5,Мин. температура
3882,25017,2021-05-09,-11.7,Мин. температура
3882,25017,2021-05-22,-1.1,Мин. температура
3882,25017,2021-07-24,7.2,Мин. температура
3882,25017,2021-08-03,12.0,Макс. температура
3882,25017,2021-08-27,6.7,Мин. температура
3882,25017,2021-09-09,2.5,Макс. температура
3882,25017,2021-09-20,-1.4,Мин. температура
3882,25017,2021-10-18,-16.1,Мин. температура
3882,25017,2021-10-24,-14.0,Макс. температура
3882,25017,2021-10-28,-20.2,Макс. температура
3882,25017,2021-11-15,-8.0,Макс. температура
3882,25017,2021-12-15,-31.9,Мин. температура
3882,25017,2022-03-05,-21.1,Макс. температура
3882,25017,2022-03-25,-18.1,Мин. температура
3882,25017,2022-04-21,-1.5,Макс. температура
3882,25017,2022-06-09,2.0,Мин. температура
3882,25017,2022-07-14,6.5,Мин. температура
3882,25017,2022-07-24,3.2,Мин. температура
3882,25017,2022-08-02,18.1,Макс. температура
3882,25017,2022-08-26,5.1,Мин. температура
3882,25017,2022-09-24,1.1,Макс. температура
3882,25017,2022-10-08,-2.3,Макс. температура
3882,25017,2022-10-31,-22.0,Мин. температура
3882,25017,2022-11-07,-16.6,Макс. температура
3882,25017,2022-11-27,-33.4,Макс. температура
3882,25017,2022-12-02,-20.0,Макс. температура
3882,25017,2022-12-14,-40.7,Мин. температура
3882,25017,2023-02-09,-29.5,Макс. температура
3882,25017,2023-02-16,-45.0,Мин. температура
3882,25017,2023-03-19,-22.2,Мин. температура
3882,25017,2023-03-25,-36.9,Мин. температура
3882,25017,2023-03-26,-20.0,Макс. температура
3882,25017,2023-04-10,-25.0,Мин. температура
3882,25017,2023-05-01,-21.5,Мин. температура
3882,25017,2023-05-31,-0.1,Мин. температура
3882,25017,2023-06-06,-0.1,Мин. температура
3882,25017,2023-06-16,13.3,Макс. температура
3882,25017,2023-07-28,10.4,Макс. температура
3882,25017,2023-08-15,16.1,Макс. температура
3882,25017,2023-08-18,4.8,Мин. температура
3882,25017,2023-10-02,0.3,Макс. температура
3882,25017,2023-10-06,-9.2,Мин. температура
3882,25017,2023-10-08,-9.2,Мин. температура
3882,25017,2023-12-03,-36.9,Мин. температура
3882,25017,2023-12-29,-38.7,Мин. температура
3882,25017,2024-01-12,-42.6,Макс. температура
3882,25017,2024-01-18,-42.7,Макс. температура
3882,25017,2024-01-29,-19.7,Макс. температура
3882,25017,2024-03-19,-25.2,Макс. температура
3882,25017,2024-04-02,-21.7,Мин. температура
3882,25017,2024-04-27,-9.4,Макс. температура
3882,25017,2024-06-07,4.2,Макс. температура
3882,25017,2024-07-08,3.5,Мин. температура
3882,25017,2015-01-08,,Макс. температура
3882,25017,2015-01-20,-42.8,Мин. температура
3882,25017,2015-02-15,-33.5,Мин. температура
3882,25017,2015-02-26,-39.6,Мин. температура
3882,25017,2015-03-25,-19.8,Мин. температура
3882,25017,2015-05-05,-8.5,Макс. температура
3882,25017,2015-06-02,6.8,Макс. температура
3882,25017,2015-06-06,5.0,Мин. температура
3882,25017,2015-07-13,21.5,Макс. температура
3882,25017,2015-12-08,-28.8,Макс. температура
3882,25017,2015-12-13,-41.7,Макс. температура
3882,25017,2016-01-21,-24.7,Макс. температура
3882,25017,2016-01-28,-42.8,Мин. температура
3882,25017,2016-03-07,-36.2,Мин. температура
3882,25017,2016-04-02,-28.6,Мин. температура
3882,25017,2016-04-27,-13.2,Макс. температура
3882,25017,2016-05-27,-0.2,Мин. температура
3882,25017,2016-06-24,16.5,Макс. температура
3882,25017,2016-06-26,4.9,Мин. температура
3882,25017,2016-07-02,6.5,Мин. температура
3882,25017,2016-08-09,7.5,Мин. температура
3882,25017,2016-08-22,4.7,Мин. температура
3882,25017,2016-10-08,-0.8,Мин. температура
3882,25017,2016-10-21,-13.6,Мин. температура
3882,25017,2016-11-24,-31.5,Мин. температура
3882,25017,2016-11-29,-21.5,Макс. температура
3882,25017,2017-01-05,-36.5,Мин. температура
3882,25017,2017-01-24,-33.0,Макс. температура
3882,25017,2017-01-27,-38.5,Мин. температура
3882,25017,2017-02-06,-23.0,Мин. температура
3882,25017,2017-02-16,-37.3,Мин. температура
3882,25017,2017-02-19,-38.0,Макс. температура
3882,25017,2017-11-21,-11.8,Макс. температура
3882,25017,2017-11-26,-37.2,Мин. температура
3882,25017,2017-12-23,-31.0,Макс. температура
3882,25017,2018-01-08,-21.5,Макс. температура
3882,25017,2018-01-31,-18.8,Макс. температура
3882,25017,2018-03-22,-28.0,Макс. температура
3882,25017,2018-04-02,-30.1,Мин. температура
3882,25017,2018-04-04,-7.6,Мин. температура
3882,25017,2018-04-13,-26.9,Мин. температура
3882,25017,2018-04-21,-22.5,Мин. температура
3882,25017,2018-11-11,-31.5,Мин. температура
3882,25017,2018-12-30,-37.6,Мин. температура
3882,25017,2019-01-06,-29.5,Макс. температура
3882,25017,2019-01-27,-33.5,Макс. температура
3882,25017,2019-02-05,-27.6,Макс. температура
3882,25017,2019-02-28,-19.5,Макс. температура
3882,25017,2019-04-04,-16.5,Мин. температура
3882,25017,2019-07-08,7.0,Мин. температура
3882,25017,2019-07-17,7.0,Мин. температура
3882,25017,2019-08-24,3.4,Мин. температура
3882,25017,2019-09-05,2.4,Мин. температура
3882,25017,2019-09-20,-0.2,Мин. температура
3882,25017,2019-09-25,-1.4,Мин. температура
3882,25017,2019-11-01,-23.5,Мин. температура
3882,25017,2020-01-19,-27.6,Макс. температура
3882,25017,2020-01-26,-46.5,Мин. температура
3882,25017,2020-02-03,-39.7,Мин. температура
3882,25017,2020-03-21,-19.0,Макс. температура
3882,25017,2020-04-05,-29.5,Мин. температура
3882,25017,2020-04-14,-17.7,Мин. температура
3882,25017,2020-06-28,13.0,Макс. температура
3882,25017,2020-10-15,2.5,Макс. температура
3882,25017,2020-10-16,-0.6,Мин. температура
3882,25017,2020-11-07,-12.0,Мин. температура
3882,25017,2020-12-17,-12.3,Макс. температура
3882,25017,2021-02-04,-15.5,Макс. температура
3882,25017,2021-02-05,-21.1,Макс. температура
3882,25017,2021-03-22,-35.0,Мин. температура
3882,25017,2021-04-02,-20.2,Макс. температура
3882,25017,2021-04-09,-14.3,Макс. температура
3882,25017,2021-05-14,-3.6,Макс. температура
3882,25017,2021-06-08,4.6,Макс. температура
3882,25017,2021-06-29,19.3,Макс. температура
3882,25017,2021-07-12,4.0,Мин. температура
3882,25017,2021-08-02,9.0,Макс. температура
3882,25017,2021-08-08,18.2,Макс. температура
3882,25017,2021-11-17,-19.4,Мин. температура
3882,25017,2022-02-15,-31.1,Макс. температура
3882,25017,2022-04-03,-18.6,Макс. температура
3882,25017,2022-04-24,-13.8,Мин. температура
3882,25017,2022-06-12,3.7,Мин. температура
3882,25017,2022-07-22,15.8,Макс. температура
3882,25017,2022-10-26,-26.3,Мин. температура
3882,25017,2022-11-02,-17.4,Макс. температура
3882,25017,2022-11-30,-29.2,Мин. температура
3882,25017,2022-12-19,-17.8,Макс. температура
3882,25017,2022-12-28,-36.2,Мин. температура
3882,25017,2023-01-11,-40.1,Мин. температура
3882,25017,2023-01-12,-36.3,Мин. температура
3882,25017,2023-03-23,-21.4,Макс. температура
3882,25017,2023-05-05,3.7,Макс. температура
3882,25017,2023-05-20,3.8,Макс. температура
3882,25017,2023-06-24,22.2,Макс. температура
3882,25017,2023-08-05,5.2,Мин. температура
3882,25017,2023-10-18,-11.2,Мин. температура
3882,25017,2023-11-10,-23.8,Мин. температура
3882,25017,2023-12-02,-34.7,Мин. температура
3882,25017,2023-12-06,-36.7,Мин. температура
3882,25017,2023-12-26,-39.9,Макс. температура
3882,25017,2024-02-14,-44.4,Мин. температура
3882,25017,2024-03-19,-30.9,Мин. температура
3882,25017,2024-03-21,-27.0,Макс. температура
3882,25017,2024-04-10,-7.5,Макс. температура
3882,25017,2024-04-26,-17.4,Мин. температура
3882,25017,2024-05-23,-0.8,Мин. температура
3882,25017,2024-07-09,17.3,Макс. температура
3882,25017,2024-07-28,9.6,Мин. температура
3882,25017,2024-07-31,1.2,Мин. температура
3882,25017,2024-09-30,0.8,Макс. температура
3882,25017,2024-11-13,-14.9,Макс. температура
3882,25017,2024-12-23,-27.8,Макс. температура
3882,25017,2024-11-23,-34.5,Мин. температура
3882,25017,2024-12-01,-26.2,Мин. температура
3882,25017,2024-12-07,-22.0,Макс. температура
3882,25017,2015-03-28,-27.8,Мин. температура
3882,25017,2015-04-24,-15.0,Мин. температура
3882,25017,2015-04-29,-4.6,Макс. температура
3882,25017,2015-07-19,4.8,Мин. температура
3882,25017,2015-08-02,6.9,Макс. температура
3882,25017,2015-08-07,5.2,Мин. температура
3882,25017,2015-08-12,13.2,Макс. температура
3882,25017,2015-08-17,7.4,Макс. температура
3882,25017,2015-09-29,-2.4,Мин. температура
3882,25017,2015-09-30,-2.8,Мин. температура
3882,25017,2015-10-17,-15.2,Мин. температура
3882,25017,2015-10-20,-17.8,Мин. температура
3882,25017,2015-11-03,-16.6,Макс. температура
3882,25017,2015-11-26,-31.6,Мин. температура
3882,25017,2015-12-02,-18.2,Макс. температура
3882,25017,2015-12-26,-43.9,Мин. температура
3882,25017,2015-12-27,-42.4,Мин. температура
3882,25017,2016-01-15,-26.8,Мин. температура
3882,25017,2016-02-08,-24.6,Макс. температура
3882,25017,2016-02-11,-40.5,Мин. температура
3882,25017,2016-03-02,-21.0,Макс. температура
3882,25017,2016-04-03,-16.2,Макс. температура
3882,25017,2016-07-21,9.0,Мин. температура
3882,25017,2016-08-28,1.5,Мин. температура
3882,25017,2016-09-13,1.2,Мин. температура
3882,25017,2016-10-10,0.9,Макс. температура
3882,25017,2016-11-06,-1.7,Макс. температура
3882,25017,2016-11-07,-11.5,Мин. температура
3882,25017,2016-11-21,-17.8,Макс. температура
3882,25017,2016-11-24,-15.5,Макс. температура
3882,25017,2017-01-08,-25.7,Макс. температура
3882,25017,2017-01-20,-35.0,Макс. температура
3882,25017,2017-01-27,-34.5,Макс. температура
3882,25017,2017-02-21,-39.0,Макс. температура
3882,25017,2017-03-08,-10.2,Макс. температура
3882,25017,2017-03-31,-18.1,Мин. температура
3882,25017,2017-11-18,-14.6,Макс. температура
3882,25017,2017-11-19,-12.9,Макс. температура
3882,25017,2017-12-16,-13.9,Макс. температура
3882,25017,2017-12-19,-22.1,Макс. температура
3882,25017,2018-01-11,-30.3,Мин. температура
3882,25017,2018-01-23,-35.7,Мин. температура
3882,25017,2018-02-22,-20.2,Макс. температура
3882,25017,2018-03-15,-31.8,Макс. температура
3882,25017,2018-03-21,-32.0,Макс. температура
3882,25017,2018-04-09,-16.4,Макс. температура
3882,25017,2018-04-27,-10.8,Макс. температура
3882,25017,2018-05-17,-10.4,Мин. температура
3882,25017,2018-05-27,-2.1,Макс. температура
3882,25017,2018-11-22,,Мин. температура
3882,25017,2018-12-12,-28.3,Макс. температура
3882,25017,2019-01-05,-32.7,Мин. температура
3882,25017,2019-02-01,-45.0,Мин. температура
3882,25017,2019-02-15,-45.0,Мин. температура
3882,25017,2019-02-18,-37.7,Мин. температура
3882,25017,2019-03-14,-26.0,Макс. температура
3882,25017,2019-03-17,-35.5,Мин. температура
3882,25017,2019-03-19,-36.3,Мин. температура
3882,25017,2019-07-07,17.9,Макс. температура
3882,25017,2019-08-01,3.6,Мин. температура
3882,25017,2019-08-13,5.3,Мин. температура
3882,25017,2019-09-15,15.6,Макс. температура
3882,25017,2019-12-03,-28.8,Мин. температура
3882,25017,2019-12-30,-40.3,Мин. температура
3882,25017,2020-01-04,-27.6,Макс. температура
3882,25017,2020-03-11,-33.0,Макс. температура
3882,25017,2020-03-29,-1.5,Макс. температура
3882,25017,2020-05-16,-2.5,Мин. температура
3882,25017,2020-05-21,1.0,Макс. температура
3882,25017,2020-06-27,16.0,Макс. температура
3882,25017,2020-06-27,8.0,Мин. температура
3882,25017,2020-07-24,17.5,Мин. температура
3882,25017,2020-08-01,10.8,Макс. температура
3882,25017,2020-08-17,7.5,Макс. температура
3882,25017,2020-08-24,1.6,Мин. температура
3882,25017,2020-09-09,0.0,Мин. температура
3882,25017,2020-09-22,7.7,Макс. температура
3882,25017,2020-11-23,-7.6,Макс. температура
3882,25017,2020-11-26,-14.5,Мин. температура
3882,25017,2021-01-02,-42.1,Мин. температура
3882,25017,2021-01-03,-25.5,Макс. температура
3882,25017,2021-03-14,-28.2,Макс. температура
3882,25017,2021-04-06,-21.5,Макс. температура
3882,25017,2021-04-12,-17.0,Макс. температура
3882,25017,2021-04-23,2.2,Макс. температура
3882,25017,2021-06-20,3.5,Мин. температура
3882,25017,2021-06-22,9.6,Мин. температура
3882,25017,2021-07-13,17.9,Макс. температура
3882,25017,2021-08-03,-0.4,Мин. температура
3882,25017,2021-10-17,-12.2,Мин. температура
3882,25017,2021-12-17,-25.0,Макс. температура
3882,25017,2022-02-01,-26.3,Макс. температура
3882,25017,2022-02-12,-37.3,Мин. температура
3882,25017,2022-03-04,-28.2,Мин. температура
3882,25017,2022-03-16,-21.2,Макс. температура
3882,25017,2022-04-08,-35.0,Мин. температура
3882,25017,2022-05-11,-11.5,Мин. температура
3882,25017,2022-06-30,7.8,Мин. температура
3882,25017,2022-07-24,21.7,Макс. температура
3882,25017,2022-08-21,21.5,Макс. температура
3882,25017,2022-11-06,-8.8,Макс. температура
3882,25017,2022-11-06,-19.6,Мин. температура
3882,25017,2022-11-11,-29.6,Макс. температура
3882,25017,2022-12-27,-21.0,Макс. температура
3882,25017,2022-12-31,-43.9,Мин. температура
3882,25017,2023-02-15,-47.3,Мин. температура
3882,25017,2023-04-03,-30.0,Мин. температура
3882,25017,2023-05-10,0.2,Макс. температура
3882,25017,2023-06-11,9.3,Мин. температура
3882,25017,2023-07-03,16.3,Макс. температура
3882,25017,2023-07-30,8.1,Макс. температура
3882,25017,2023-11-01,-8.5,Макс. температура
3882,25017,2023-11-12,-33.7,Мин. температура
3882,25017,2024-01-20,-37.0,Макс. температура
3882,25017,2024-01-28,-17.0,Макс. температура
3882,25017,2024-02-16,-41.4,Мин. температура
3882,25017,2024-03-02,-26.6,Мин. температура
3882,25017,2024-03-07,-33.1,Мин. температура
3882,25017,2024-04-11,-3.2,Макс. температура
3882,25017,2015-01-09,,Мин. температура
3882,25017,2015-02-28,-35.6,Мин. температура
3882,25017,2015-04-13,-9.3,Макс. температура
3882,25017,2015-04-30,2.2,Макс. температура
3882,25017,2015-05-18,-5.6,Макс. температура
3882,25017,2015-08-10,4.9,Мин. температура
3882,25017,2015-09-09,3.1,Мин. температура
3882,25017,2015-09-11,15.9,Макс. температура
3882,25017,2015-10-04,-1.5,Макс. температура
3882,25017,2015-10-14,-6.2,Макс. температура
3882,25017,2015-10-25,-11.5,Макс. температура
3882,25017,2015-10-28,-15.0,Макс. температура
3882,25017,2015-11-05,-24.0,Мин. температура
3882,25017,2015-12-09,-37.2,Мин. температура
3882,25017,2016-01-26,-43.5,Мин. температура
3882,25017,2016-02-02,-29.4,Макс. температура
3882,25017,2016-02-02,-40.7,Мин. температура
3882,25017,2016-03-11,-38.7,Мин. температура
3882,25017,2016-03-31,-32.7,Мин. температура
3882,25017,2016-04-25,-11.0,Макс. температура
3882,25017,2016-06-29,12.9,Макс. температура
3882,25017,2016-07-27,16.8,Макс. температура
3882,25017,2016-09-07,18.5,Макс. температура
3882,25017,2016-09-11,4.5,Макс. температура
3882,25017,2016-09-21,0.2,Мин. температура
3882,25017,2016-10-09,0.8,Макс. температура
3882,25017,2016-11-14,-19.6,Макс. температура
3882,25017,2016-12-04,-19.6,Макс. температура
3882,25017,2016-12-15,-27.9,Макс. температура
3882,25017,2017-01-30,-37.5,Макс. температура
3882,25017,2017-01-30,-43.2,Мин. температура
3882,25017,2017-03-11,-14.1,Макс. температура
3882,25017,2017-03-20,-10.2,Макс. температура
3882,25017,2017-11-01,-10.4,Мин. температура
3882,25017,2017-12-07,-19.5,Мин. температура
3882,25017,2017-12-20,-29.5,Мин. температура
3882,25017,2018-02-01,-24.6,Мин. температура
3882,25017,2018-03-05,-39.5,Мин. температура
3882,25017,2018-05-01,-16.8,Мин. температура
3882,25017,2018-05-31,0.3,Макс. температура
3882,25017,2018-05-31,-1.5,Мин. температура
3882,25017,2018-11-14,-19.0,Макс. температура
3882,25017,2018-12-10,-35.9,Мин. температура
3882,25017,2019-01-29,-39.2,Мин. температура
3882,25017,2019-03-07,-22.2,Макс. температура
3882,25017,2019-03-12,-20.0,Макс. температура
3882,25017,2019-04-10,-10.6,Макс. температура
3882,25017,2019-07-28,7.9,Макс. температура
3882,25017,2019-09-14,2.6,Мин. температура
3882,25017,2019-12-22,-33.7,Мин. температура
3882,25017,2020-01-05,-29.9,Мин. температура
3882,25017,2020-01-23,-32.0,Макс. температура
3882,25017,2020-01-29,-38.6,Мин. температура
3882,25017,2020-02-07,-43.6,Мин. температура
3882,25017,2020-02-09,-35.0,Макс. температура
3882,25017,2020-02-13,-38.5,Мин. температура
3882,25017,2020-02-22,-31.2,Макс. температура
3882,25017,2020-03-05,-18.0,Макс. температура
3882,25017,2020-03-30,-9.5,Мин. температура
3882,25017,2020-05-31,12.0,Макс. температура
3882,25017,2020-06-14,7.6,Мин. температура
3882,25017,2020-06-16,14.5,Мин. температура
3882,25017,2020-08-19,4.5,Мин. температура
3882,25017,2020-10-21,-9.0,Мин. температура
3882,25017,2020-10-29,-16.6,Мин. температура
3882,25017,2020-10-30,-11.8,Макс. температура
3882,25017,2020-11-29,-25.0,Мин. температура
3882,25017,2020-12-15,-25.5,Макс. температура
3882,25017,2021-01-16,-30.7,Мин. температура
3882,25017,2021-01-31,-30.7,Макс. температура
3882,25017,2021-03-06,-19.5,Макс. температура
3882,25017,2021-04-13,-33.7,Мин. температура
3882,25017,2021-04-21,5.8,Макс. температура
3882,25017,2021-04-26,-12.6,Мин. температура
3882,25017,2021-05-08,-4.7,Макс. температура
3882,25017,2021-06-30,5.7,Мин. температура
3882,25017,2021-08-13,13.6,Макс. температура
3882,25017,2021-08-15,12.2,Макс. температура
3882,25017,2021-09-13,13.3,Макс. температура
3882,25017,2021-09-18,1.5,Макс. температура
3882,25017,2021-09-30,-9.1,Мин. температура
3882,25017,2021-12-07,-41.4,Мин. температура
3882,25017,2021-12-16,-36.0,Мин. температура
3882,25017,2022-01-07,-25.2,Макс. температура
3882,25017,2022-02-13,-31.3,Мин. температура
3882,25017,2022-03-23,-15.8,Мин. температура
3882,25017,2022-04-25,-12.8,Макс. температура
3882,25017,2022-05-18,-3.6,Мин. температура
3882,25017,2022-06-06,7.1,Макс. температура
3882,25017,2022-06-10,20.1,Макс. температура
3882,25017,2022-07-26,13.4,Макс. температура
3882,25017,2022-09-03,-0.1,Мин. температура
3882,25017,2022-09-12,5.2,Макс. температура
3882,25017,2022-12-18,22.4,Макс. температура
3882,25017,2023-01-04,-48.3,Мин. температура
3882,25017,2023-03-10,-31.6,Макс. температура
3882,25017,2023-05-08,-13.3,Мин. температура
3882,25017,2023-06-20,16.2,Макс. температура
3882,25017,2023-06-22,19.5,Макс. температура
3882,25017,2023-07-29,11.5,Макс. температура
3882,25017,2023-08-08,5.4,Мин. температура
3882,25017,2023-08-30,8.5,Мин. температура
3882,25017,2023-11-07,-14.4,Мин. температура
3882,25017,2023-11-18,-15.2,Макс. температура
3882,25017,2023-11-28,-19.4,Мин. температура
3882,25017,2024-01-02,-29.8,Макс. температура
3882,25017,2024-01-08,-27.3,Макс. температура
3882,25017,2024-01-22,-40.0,Мин. температура
3882,25017,2024-02-17,-43.2,Мин. температура
3882,25017,2024-04-05,-14.5,Макс. температура
3882,25017,2024-04-19,-6.4,Макс. температура
3882,25017,2024-04-23,-15.4,Макс. температура
3882,25017,2024-04-27,-16.5,Мин. температура
3882,25017,2024-05-14,-5.3,Макс. температура
3882,25017,2024-08-14,6.8,Макс. температура
3882,25017,2024-10-09,-3.8,Макс. температура
3882,25017,2024-10-26,-20.5,Мин. температура
3882,25017,2024-11-14,-15.1,Макс. температура
3882,25017,2024-12-19,-21.8,Мин. температура
3882,25017,2015-01-15,-25.2,Макс. температура
3882,25017,2015-02-16,-34.2,Мин. температура
3882,25017,2015-04-02,-29.5,Мин. температура
3882,25017,2015-08-09,20.0,Макс. температура
3882,25017,2015-08-22,5.8,Мин. температура
3882,25017,2015-09-10,14.7,Макс. температура
3882,25017,2015-10-05,-1.4,Макс. температура
3882,25017,2015-12-22,-24.2,Макс. температура
3882,25017,2015-12-24,-31.6,Макс. температура
3882,25017,2016-03-16,-38.6,Мин. температура
3882,25017,2016-04-01,-25.5,Мин. температура
3882,25017,2016-05-30,-0.6,Мин. температура
3882,25017,2016-06-06,6.4,Мин. температура
3882,25017,2016-08-05,21.0,Макс. температура
3882,25017,2016-09-03,7.6,Мин. температура
3882,25017,2016-09-12,0.8,Мин. температура
3882,25017,2016-09-15,0.8,Мин. температура
3882,25017,2016-10-06,0.5,Макс. температура
3882,25017,2016-12-20,-11.1,Макс. температура
3882,25017,2017-01-28,-37.0,Мин. температура
3882,25017,2017-02-17,-37.6,Мин. температура
3882,25017,2017-02-22,-35.4,Макс. температура
3882,25017,2017-03-02,-19.0,Макс. температура
3882,25017,2017-05-10,0.4,Макс. температура
3882,25017,2017-05-16,-6.5,Мин. температура
3882,25017,2017-05-29,-2.0,Макс. температура
3882,25017,2018-02-17,-35.2,Мин. температура
3882,25017,2018-03-02,-27.0,Мин. температура
3882,25017,2018-03-03,-22.0,Макс. температура
3882,25017,2018-03-08,-36.5,Мин. температура
3882,25017,2018-03-13,-29.6,Макс. температура
3882,25017,2018-04-29,-8.1,Макс. температура
3882,25017,2018-05-16,-4.5,Макс. температура
3882,25017,2018-05-24,-1.7,Макс. температура
3882,25017,2018-12-11,-36.7,Мин. температура
3882,25017,2018-12-19,-41.9,Мин. температура
3882,25017,2019-01-02,-24.0,Мин. температура
3882,25017,2019-01-10,-31.6,Макс. температура
3882,25017,2019-01-14,-40.0,Мин. температура
3882,25017,2019-03-10,-21.7,Мин. температура
3882,25017,2019-07-15,9.8,Мин. температура
3882,25017,2019-08-02,13.2,Макс. температура
3882,25017,2019-08-31,1.5,Мин. температура
3882,25017,2019-10-10,-11.2,Мин. температура
3882,25017,2019-11-30,-39.0,Мин. температура
3882,25017,2019-12-21,-42.5,Мин. температура
3882,25017,2020-02-11,-37.5,Мин. температура
3882,25017,2020-03-01,-22.5,Мин. температура
3882,25017,2020-03-06,-18.6,Макс. температура
3882,25017,2020-05-13,6.5,Макс. температура
3882,25017,2020-05-15,-1.5,Мин. температура
3882,25017,2020-06-21,18.8,Мин. температура
3882,25017,2020-06-23,20.0,Макс. температура
3882,25017,2020-06-24,3.6,Мин. температура
3882,25017,2020-07-26,17.0,Мин. температура
3882,25017,2020-09-02,3.0,Мин. температура
3882,25017,2020-09-14,12.6,Макс. температура
3882,25017,2020-10-22,-9.6,Мин. температура
3882,25017,2020-10-26,-13.0,Макс. температура
3882,25017,2020-10-30,-20.0,Мин. температура
3882,25017,2020-11-01,-9.5,Макс. температура
3882,25017,2020-11-03,-22.1,Макс. температура
3882,25017,2020-11-23,-13.6,Мин. температура
3882,25017,2020-12-01,-27.9,Мин. температура
3882,25017,2021-01-12,-45.6,Мин. температура
3882,25017,2021-03-01,-24.2,Макс. температура
3882,25017,2021-03-08,-31.5,Мин. температура
3882,25017,2021-05-04,-9.3,Мин. температура
3882,25017,2021-05-25,12.4,Макс. температура
3882,25017,2021-07-06,21.6,Макс. температура
3882,25017,2021-07-29,2.6,Мин. температура
3882,25017,2021-08-01,9.2,Макс. температура
3882,25017,2021-09-12,5.5,Макс. температура
3882,25017,2021-10-30,-13.3,Макс. температура
3882,25017,2021-11-07,-13.7,Макс. температура
3882,25017,2021-11-11,-30.0,Мин. температура
3882,25017,2021-12-18,-33.1,Мин. температура
3882,25017,2022-01-06,-27.7,Мин. температура
3882,25017,2022-01-11,-33.3,Мин. температура
3882,25017,2022-02-07,-37.3,Мин. температура
3882,25017,2022-03-06,-33.0,Мин. температура
3882,25017,2022-03-29,-13.7,Макс. температура
3882,25017,2022-09-09,12.9,Макс. температура
3882,25017,2022-09-10,9.1,Макс. температура
3882,25017,2023-02-02,-23.2,Мин. температура
3882,25017,2023-02-18,-47.3,Мин. температура
3882,25017,2023-03-21,-26.4,Макс. температура
3882,25017,2023-04-29,-7.7,Макс. температура
3882,25017,2023-05-24,15.8,Макс. температура
3882,25017,2023-10-13,-2.7,Макс. температура
3882,25017,2023-12-08,-25.9,Макс. температура
3882,25017,2023-12-31,-40.0,Макс. температура
3882,25017,2024-01-11,-42.0,Мин. температура
3882,25017,2024-01-16,-38.1,Мин. температура
3882,25017,2024-03-24,-21.1,Макс. температура
3882,25017,2024-04-13,-17.6,Макс. температура
3882,25017,2024-09-09,4.6,Макс. температура
3882,25017,2024-09-11,-2.2,Мин. температура
3882,25017,2024-09-20,5.1,Макс. температура
3882,25017,2024-10-09,-7.0,Мин. температура
3882,25017,2015-02-23,-22.5,Макс. температура
3882,25017,2015-05-12,2.4,Макс. температура
3882,25017,2015-05-20,-6.4,Мин. температура
3882,25017,2015-06-12,-0.2,Мин. температура
3882,25017,2015-06-23,7.0,Мин. температура
3882,25017,2015-08-20,11.7,Макс. температура
3882,25017,2015-08-21,2.8,Мин. температура
3882,25017,2015-08-22,8.0,Макс. температура
3882,25017,2015-09-28,-2.5,Мин. температура
3882,25017,2015-10-17,-10.3,Макс. температура
3882,25017,2016-01-07,-39.8,Мин. температура
3882,25017,2016-01-12,-23.0,Мин. температура
3882,25017,2016-02-04,-35.5,Мин. температура
3882,25017,2016-02-26,-34.0,Мин. температура
3882,25017,2016-03-22,-28.1,Мин. температура
3882,25017,2016-03-31,-16.6,Макс. температура
3882,25017,2016-04-09,-15.5,Макс. температура
3882,25017,2016-04-21,-13.6,Макс. температура
3882,25017,2016-08-12,13.9,Макс. температура
3882,25017,2016-09-11,2.6,Мин. температура
3882,25017,2016-10-15,0.2,Макс. температура
3882,25017,2016-10-18,-3.8,Макс. температура
3882,25017,2016-12-21,-21.5,Мин. температура
3882,25017,2016-12-28,-17.0,Макс. температура
3882,25017,2017-01-26,-33.6,Макс. температура
3882,25017,2017-02-01,-33.2,Макс. температура
3882,25017,2017-02-13,-19.6,Макс. температура
3882,25017,2017-02-25,-24.6,Макс. температура
3882,25017,2017-03-23,-13.8,Мин. температура
3882,25017,2017-05-08,-16.5,Мин. температура
3882,25017,2017-05-09,-16.0,Мин. температура
3882,25017,2017-05-18,-7.6,Мин. температура
3882,25017,2017-12-13,-28.5,Мин. температура
3882,25017,2018-01-15,-43.3,Мин. температура
3882,25017,2018-01-16,-35.7,Мин. температура
3882,25017,2018-02-19,-27.6,Мин. температура
3882,25017,2018-03-20,-35.6,Мин. температура
3882,25017,2018-04-03,0.5,Макс. температура
3882,25017,2018-05-09,-9.5,Макс. температура
3882,25017,2018-05-10,-14.7,Мин. температура
3882,25017,2018-05-13,-12.7,Мин. температура
3882,25017,2018-05-15,1.4,Макс. температура
3882,25017,2018-11-10,-30.5,Мин. температура
3882,25017,2018-11-21,,Мин. температура
3882,25017,2019-01-20,-30.3,Макс. температура
3882,25017,2019-01-25,-35.0,Мин. температура
3882,25017,2019-02-22,-38.5,Мин. температура
3882,25017,2019-03-28,-22.6,Мин. температура
3882,25017,2019-04-01,-9.5,Макс. температура
3882,25017,2019-07-10,27.4,Макс. температура
3882,25017,2019-09-28,1.8,Макс. температура
3882,25017,2019-10-16,-10.2,Мин. температура
3882,25017,2019-11-17,-7.5,Макс. температура
3882,25017,2019-12-14,-32.4,Мин. температура
3882,25017,2020-01-08,-27.5,Макс. температура
3882,25017,2020-01-31,-33.0,Макс. температура
3882,25017,2020-03-21,-31.2,Мин. температура
3882,25017,2020-07-12,10.8,Мин. температура
3882,25017,2020-07-28,7.6,Мин. температура
3882,25017,2020-08-03,10.4,Макс. температура
3882,25017,2020-10-03,1.9,Макс. температура
3882,25017,2020-10-05,2.0,Макс. температура
3882,25017,2020-10-15,-3.4,Мин. температура
3882,25017,2020-10-18,-3.5,Мин. температура
3882,25017,2020-11-06,-5.9,Макс. температура
3882,25017,2020-12-24,-21.2,Макс. температура
3882,25017,2021-01-22,-44.9,Мин. температура
3882,25017,2021-02-13,-38.6,Мин. температура
3882,25017,2021-02-14,-39.1,Мин. температура
3882,25017,2021-06-20,15.0,Макс. температура
3882,25017,2021-07-02,18.5,Макс. температура
3882,25017,2021-08-16,6.4,Мин. температура
3882,25017,2021-10-14,-3.7,Макс. температура
3882,25017,2021-10-19,-10.0,Макс. температура
3882,25017,2021-11-03,-20.6,Макс. температура
3882,25017,2022-01-03,-24.0,Макс. температура
3882,25017,2022-01-06,-22.4,Макс. температура
3882,25017,2022-03-27,-23.0,Мин. температура
3882,25017,2022-04-17,-15.0,Макс. температура
3882,25017,2022-05-31,14.6,Макс. температура
3882,25017,2022-06-22,15.5,Макс. температура
3882,25017,2022-07-15,5.4,Мин. температура
3882,25017,2022-08-24,12.3,Макс. температура
3882,25017,2022-09-15,4.7,Макс. температура
3882,25017,2022-11-20,-23.1,Макс. температура
3882,25017,2022-12-06,-46.0,Мин. температура
3882,25017,2022-12-12,-45.9,Мин. температура
3882,25017,2023-02-03,-18.8,Макс. температура
3882,25017,2023-02-10,-43.6,Мин. температура
3882,25017,2023-02-15,-42.1,Макс. температура
3882,25017,2023-03-01,-34.2,Макс. температура
3882,25017,2023-03-31,-30.1,Мин. температура
3882,25017,2023-04-06,-7.4,Макс. температура
3882,25017,2023-04-09,-21.2,Макс. температура
3882,25017,2023-04-10,-17.4,Макс. температура
3882,25017,2023-04-25,-7.1,Мин. температура
3882,25017,2023-05-14,-14.2,Мин. температура
3882,25017,2023-05-17,1.4,Мин. температура
3882,25017,2023-08-09,11.1,Макс. температура
3882,25017,2023-08-25,-2.0,Мин. температура
3882,25017,2023-09-30,-1.6,Мин. температура
3882,25017,2023-10-04,-6.4,Мин. температура
3882,25017,2023-10-11,-10.4,Мин. температура
3882,25017,2023-10-14,-14.9,Мин. температура
3882,25017,2023-11-06,-15.4,Мин. температура
3882,25017,2023-12-14,-16.9,Макс. температура
3882,25017,2023-12-17,-21.1,Макс. температура
3882,25017,2024-02-12,-35.9,Макс. температура
3882,25017,2024-03-12,-39.1,Мин. температура
3882,25017,2024-05-05,-1.4,Макс. температура
3882,25017,2024-06-01,-3.7,Мин. температура
3882,25017,2024-06-29,15.2,Макс. температура
3882,25017,2024-07-02,12.5,Мин. температура
3882,25017,2024-07-12,21.5,Макс. температура
3882,25017,2024-09-10,0.5,Мин. температура
3882,25017,2024-09-26,-7.9,Мин. температура
3882,25017,2024-11-08,-31.5,Мин. температура
3882,25017,2024-12-05,-17.8,Мин. температура
3882,25017,2015-01-14,-26.4,Макс. температура
3882,25017,2015-01-17,-40.5,Мин. температура
3882,25017,2015-02-14,-33.0,Мин. температура
3882,25017,2015-03-03,-39.0,Макс. температура
3882,25017,2015-03-05,-30.0,Макс. температура
3882,25017,2015-03-10,-35.4,Мин. температура
3882,25017,2015-06-21,6.2,Мин. температура
3882,25017,2015-07-09,6.9,Мин. температура
3882,25017,2015-09-06,-0.6,Мин. температура
3882,25017,2015-09-16,4.2,Макс. температура
3882,25017,2015-10-24,-9.6,Макс. температура
3882,25017,2015-12-17,-30.7,Макс. температура
3882,25017,2015-12-20,-30.0,Макс. температура
3882,25017,2016-02-09,-33.0,Макс. температура
3882,25017,2016-02-24,-32.5,Мин. температура
3882,25017,2016-03-28,-13.9,Макс. температура
3882,25017,2016-06-05,29.3,Макс. температура
3882,25017,2016-06-25,6.0,Мин. температура
3882,25017,2016-10-30,-4.9,Макс. температура
3882,25017,2016-11-19,-19.0,Макс. температура
3882,25017,2016-12-16,-32.3,Мин. температура
3882,25017,2016-12-26,-32.2,Мин. температура
3882,25017,2017-02-06,-20.4,Макс. температура
3882,25017,2017-04-08,-16.2,Макс. температура
3882,25017,2017-05-17,-7.5,Мин. температура
3882,25017,2017-11-15,-28.7,Мин. температура
3882,25017,2017-12-24,-21.6,Макс. температура
3882,25017,2018-01-06,-42.2,Мин. температура
3882,25017,2018-02-05,-27.6,Мин. температура
3882,25017,2018-03-28,-20.6,Макс. температура
3882,25017,2018-11-14,-26.8,Мин. температура
3882,25017,2018-11-21,,Макс. температура
3882,25017,2018-12-20,-35.0,Макс. температура
3882,25017,2018-12-23,-40.0,Мин. температура
3882,25017,2018-12-31,-37.0,Мин. температура
3882,25017,2019-02-19,-27.0,Макс. температура
3882,25017,2019-02-23,-28.9,Макс. температура
3882,25017,2019-03-13,-22.2,Макс. температура
3882,25017,2019-04-07,-10.5,Макс. температура
3882,25017,2019-04-09,-10.1,Макс. температура
3882,25017,2019-04-24,-6.3,Мин. температура
3882,25017,2019-08-08,19.5,Макс. температура
3882,25017,2019-08-12,15.5,Макс. температура
3882,25017,2019-09-29,-2.0,Мин. температура
3882,25017,2019-10-05,-3.0,Макс. температура
3882,25017,2019-10-13,-1.2,Макс. температура
3882,25017,2019-10-14,-1.2,Макс. температура
3882,25017,2019-11-11,-8.0,Макс. температура
3882,25017,2019-12-12,-22.5,Макс. температура
3882,25017,2019-12-25,-28.5,Мин. температура
3882,25017,2020-01-12,-33.0,Мин. температура
3882,25017,2020-02-12,-31.6,Мин. температура
3882,25017,2020-02-17,-25.0,Макс. температура
3882,25017,2020-03-02,-27.0,Мин. температура
3882,25017,2020-03-16,-24.6,Макс. температура
3882,25017,2020-04-18,-17.1,Макс. температура
3882,25017,2020-04-19,-24.5,Мин. температура
3882,25017,2020-06-11,12.0,Макс. температура
3882,25017,2020-06-23,8.6,Мин. температура
3882,25017,2020-07-01,16.0,Макс. температура
3882,25017,2020-07-22,28.6,Макс. температура
3882,25017,2020-08-16,10.0,Макс. температура
3882,25017,2020-10-06,-5.3,Мин. температура
3882,25017,2020-10-25,-17.0,Мин. температура
3882,25017,2020-11-21,-17.0,Мин. температура
3882,25017,2020-11-27,-7.0,Макс. температура
3882,25017,2020-12-09,-32.2,Макс. температура
3882,25017,2021-01-25,-29.0,Макс. температура
3882,25017,2021-05-10,-6.6,Макс. температура
3882,25017,2021-06-25,14.0,Мин. температура
3882,25017,2021-07-07,8.6,Мин. температура
3882,25017,2021-08-20,5.0,Мин. температура
3882,25017,2021-09-24,-0.7,Мин. температура
3882,25017,2021-10-02,-6.6,Мин. температура
3882,25017,2021-10-23,-26.5,Мин. температура
3882,25017,2021-11-12,-17.5,Макс. температура
3882,25017,2021-12-19,-29.0,Макс. температура
3882,25017,2022-01-01,-36.1,Мин. температура
3882,25017,2022-01-15,-39.0,Мин. температура
3882,25017,2022-02-10,-39.8,Макс. температура
3882,25017,2022-02-11,-36.2,Мин. температура
3882,25017,2022-03-02,-25.6,Мин. температура
3882,25017,2022-03-23,-12.6,Макс. температура
3882,25017,2022-04-16,-10.6,Макс. температура
3882,25017,2022-05-04,-1.0,Макс. температура
3882,25017,2022-05-25,13.0,Макс. температура
3882,25017,2022-06-23,4.5,Мин. температура
3882,25017,2022-07-08,16.5,Макс. температура
3882,25017,2022-07-12,13.5,Мин. температура
3882,25017,2022-07-14,15.0,Макс. температура
3882,25017,2022-07-18,16.3,Макс. температура
3882,25017,2022-07-19,12.4,Макс. температура
3882,25017,2022-08-07,5.4,Мин. температура
3882,25017,2022-08-28,17.0,Макс. температура
3882,25017,2022-08-30,5.0,Макс. температура
3882,25017,2022-09-04,0.1,Мин. температура
3882,25017,2022-09-07,16.3,Макс. температура
3882,25017,2022-09-15,-1.1,Мин. температура
3882,25017,2022-10-03,-1.7,Макс. температура
3882,25017,2022-10-06,-5.0,Мин. температура
3882,25017,2022-10-10,-6.6,Мин. температура
3882,25017,2022-11-12,-35.3,Мин. температура
3882,25017,2022-11-21,-33.7,Мин. температура
3882,25017,2022-12-14,-38.5,Макс. температура
3882,25017,2023-01-09,-33.3,Макс. температура
3882,25017,2023-01-16,-27.6,Макс. температура
3882,25017,2023-01-17,-35.3,Мин. температура
3882,25017,2023-02-01,-23.8,Макс. температура
3882,25017,2023-04-14,-24.8,Мин. температура
3882,25017,2023-04-27,-18.2,Мин. температура
3882,25017,2023-05-21,0.1,Мин. температура
3882,25017,2023-07-02,7.0,Мин. температура
3882,25017,2023-08-29,14.9,Макс. температура
3882,25017,2023-09-06,0.7,Мин. температура
3882,25017,2023-10-13,-5.9,Мин. температура
3882,25017,2023-12-12,-17.5,Макс. температура
3882,25017,2023-12-19,-33.0,Макс. температура
3882,25017,2023-12-28,-38.3,Макс. температура
3882,25017,2023-12-28,-40.9,Мин. температура
3882,25017,2015-02-01,-40.8,Мин. температура
3882,25017,2015-02-11,-30.8,Макс. температура
3882,25017,2015-03-02,-43.0,Мин. температура
3882,25017,2015-03-25,-10.0,Макс. температура
3882,25017,2015-03-26,-6.0,Макс. температура
3882,25017,2015-05-11,-6.1,Макс. температура
3882,25017,2015-05-16,-6.0,Макс. температура
3882,25017,2015-06-12,4.0,Макс. температура
3882,25017,2015-08-13,6.8,Макс. температура
3882,25017,2015-09-06,8.0,Макс. температура
3882,25017,2015-10-27,-25.4,Мин. температура
3882,25017,2015-11-28,-29.0,Макс. температура
3882,25017,2015-12-03,-20.5,Макс. температура
3882,25017,2015-12-20,-34.0,Мин. температура
3882,25017,2015-12-30,-25.0,Макс. температура
3882,25017,2016-01-07,-22.0,Макс. температура
3882,25017,2016-01-19,-37.0,Мин. температура
3882,25017,2016-03-12,-40.1,Мин. температура
3882,25017,2016-04-04,-11.0,Макс. температура
3882,25017,2016-04-11,-18.9,Мин. температура
3882,25017,2016-04-22,-15.7,Макс. температура
3882,25017,2016-04-23,-22.6,Мин. температура
3882,25017,2016-05-22,-3.0,Мин. температура
3882,25017,2016-06-01,21.2,Макс. температура
3882,25017,2016-07-22,7.2,Мин. температура
3882,25017,2016-08-30,16.5,Макс. температура
3882,25017,2016-09-25,1.1,Макс. температура
3882,25017,2016-11-20,-27.5,Мин. температура
3882,25017,2016-12-14,-35.6,Мин. температура
3882,25017,2017-03-02,-35.9,Мин. температура
3882,25017,2017-03-03,-30.4,Мин. температура
3882,25017,2017-03-15,-30.5,Мин. температура
3882,25017,2017-03-29,-10.4,Макс. температура
3882,25017,2017-04-28,-8.3,Макс. температура
3882,25017,2017-05-07,-8.9,Макс. температура
3882,25017,2017-05-15,5.2,Макс. температура
3882,25017,2017-11-29,-31.5,Мин. температура
3882,25017,2017-12-12,-28.0,Мин. температура
3882,25017,2018-01-30,-19.1,Макс. температура
3882,25017,2018-02-18,-36.1,Мин. температура
3882,25017,2018-03-13,-39.0,Мин. температура
3882,25017,2018-04-09,-20.6,Мин. температура
3882,25017,2018-04-23,-7.5,Макс. температура
3882,25017,2018-04-23,-18.2,Мин. температура
3882,25017,2019-01-01,-20.3,Макс. температура
3882,25017,2019-01-05,-25.2,Макс. температура
3882,25017,2019-01-16,-44.6,Мин. температура
3882,25017,2019-02-02,-24.4,Макс. температура
3882,25017,2019-02-14,-39.0,Макс. температура
3882,25017,2019-04-17,-14.8,Мин. температура
3882,25017,2019-07-03,5.6,Мин. температура
3882,25017,2019-07-06,6.4,Мин. температура
3882,25017,2019-07-15,14.2,Макс. температура
3882,25017,2019-07-16,11.4,Макс. температура
3882,25017,2019-08-18,6.5,Мин. температура
3882,25017,2019-08-30,0.8,Мин. температура
3882,25017,2019-09-16,16.2,Макс. температура
3882,25017,2019-10-03,-5.0,Мин. температура
3882,25017,2019-10-20,-8.0,Макс. температура
3882,25017,2019-11-08,-4.7,Макс. температура
3882,25017,2020-01-06,-31.9,Мин. температура
3882,25017,2020-02-27,-14.2,Макс. температура
3882,25017,2020-03-25,-18.0,Макс. температура
3882,25017,2020-04-09,-19.7,Мин. температура
3882,25017,2020-05-23,1.8,Макс. температура
3882,25017,2020-07-17,2.5,Мин. температура
3882,25017,2020-08-04,10.5,Макс. температура
3882,25017,2020-08-08,9.5,Мин. температура
3882,25017,2020-09-05,9.0,Макс. температура
3882,25017,2020-12-30,-44.0,Мин. температура
3882,25017,2021-01-20,-44.0,Мин. температура
3882,25017,2021-01-28,-27.0,Макс. температура
3882,25017,2021-02-25,-26.0,Макс. температура
3882,25017,2021-04-27,-13.5,Мин. температура
3882,25017,2021-05-23,-2.0,Мин. температура
3882,25017,2021-06-15,7.9,Мин. температура
3882,25017,2021-07-19,5.5,Мин. температура
3882,25017,2021-07-26,4.0,Мин. температура
3882,25017,2021-10-12,-13.3,Мин. температура
3882,25017,2021-11-01,-24.0,Мин. температура
3882,25017,2022-01-11,-29.5,Макс. температура
3882,25017,2022-02-16,-37.2,Мин. температура
3882,25017,2022-03-08,-24.5,Макс. температура
3882,25017,2022-05-30,11.5,Макс. температура
3882,25017,2022-06-27,12.3,Макс. температура
3882,25017,2022-07-26,3.5,Мин. температура
3882,25017,2022-09-28,-3.7,Мин. температура
3882,25017,2023-01-24,-33.3,Мин. температура
3882,25017,2023-01-31,-21.5,Мин. температура
3882,25017,2023-02-09,-36.1,Мин. температура
3882,25017,2023-03-14,-30.2,Мин. температура
3882,25017,2023-03-24,-32.9,Мин. температура
3882,25017,2023-03-29,-24.2,Мин. температура
3882,25017,2023-04-02,-23.9,Макс. температура
3882,25017,2023-07-15,29.1,Макс. температура
3882,25017,2023-10-28,-14.0,Макс. температура
3882,25017,2023-12-04,-27.0,Макс. температура
3882,25017,2024-02-16,-34.0,Макс. температура
3882,25017,2024-02-18,-40.5,Мин. температура
3882,25017,2024-03-09,-29.9,Макс. температура
3882,25017,2024-03-18,-28.3,Мин. температура
3882,25017,2024-04-07,-20.9,Макс. температура
3882,25017,2024-04-10,-20.2,Мин. температура
3882,25017,2024-04-18,-17.1,Мин. температура
3882,25017,2024-04-19,-14.4,Мин. температура
3882,25017,2024-05-04,-13.9,Мин. температура
3882,25017,2024-05-31,-1.7,Мин. температура
3882,25017,2024-07-23,25.6,Макс. температура
3882,25017,2024-07-28,14.6,Макс. температура
3882,25017,2024-08-01,8.2,Макс. температура
3882,25017,2024-09-17,5.5,Макс. температура
3882,25017,2024-09-22,2.0,Макс. температура
3882,25017,2024-10-13,-12.0,Мин. температура
3882,25017,2024-10-21,-2.7,Макс. температура
3882,25017,2024-10-22,-4.0,Макс. температура
3882,25017,2024-12-03,-14.7,Макс. температура
3882,25017,2015-02-28,-30.3,Макс. температура
3882,25017,2015-03-13,-18.6,Макс. температура
3882,25017,2015-03-16,-35.9,Мин. температура
3882,25017,2015-06-22,20.8,Макс. температура
3882,25017,2015-07-04,13.6,Мин. температура
3882,25017,2015-08-18,4.4,Мин. температура
3882,25017,2015-08-19,1.2,Мин. температура
3882,25017,2015-08-27,1.0,Мин. температура
3882,25017,2015-09-21,-1.4,Мин. температура
3882,25017,2015-10-04,-6.8,Мин. температура
3882,25017,2015-10-24,-16.8,Мин. температура
3882,25017,2015-11-04,-25.0,Мин. температура
3882,25017,2015-12-07,-38.2,Мин. температура
3882,25017,2015-12-08,-37.4,Мин. температура
3882,25017,2015-12-16,-31.0,Макс. температура
3882,25017,2016-01-23,-27.5,Макс. температура
3882,25017,2016-03-25,-17.8,Мин. температура
3882,25017,2016-05-06,-20.8,Мин. температура
3882,25017,2016-06-12,16.5,Макс. температура
3882,25017,2016-07-16,7.7,Мин. температура
3882,25017,2016-07-19,17.5,Макс. температура
3882,25017,2016-08-03,22.9,Макс. температура
3882,25017,2016-08-06,12.9,Мин. температура
3882,25017,2016-09-02,12.8,Макс. температура
3882,25017,2016-09-17,8.0,Макс. температура
3882,25017,2016-09-18,2.7,Мин. температура
3882,25017,2016-10-14,-0.2,Макс. температура
3882,25017,2016-12-23,-26.6,Мин. температура
3882,25017,2017-02-14,-21.8,Макс. температура
3882,25017,2017-03-06,-27.5,Мин. температура
3882,25017,2017-11-05,-5.7,Макс. температура
3882,25017,2017-11-07,-12.3,Мин. температура
3882,25017,2018-01-23,-23.0,Макс. температура
3882,25017,2018-11-24,,Мин. температура
3882,25017,2018-11-25,,Мин. температура
3882,25017,2019-01-30,-44.0,Мин. температура
3882,25017,2019-02-16,-33.5,Макс. температура
3882,25017,2019-03-06,-25.5,Макс. температура
3882,25017,2019-04-04,-7.6,Макс. температура
3882,25017,2019-04-11,-12.1,Макс. температура
3882,25017,2019-07-29,8.0,Макс. температура
3882,25017,2019-08-05,3.7,Мин. температура
3882,25017,2019-08-26,9.2,Мин. температура
3882,25017,2019-11-14,-5.9,Макс. температура
3882,25017,2019-12-01,-39.0,Мин. температура
3882,25017,2019-12-09,-35.5,Мин. температура
3882,25017,2019-12-23,-24.6,Макс. температура
3882,25017,2020-01-01,-32.0,Макс. температура
3882,25017,2020-01-23,-42.1,Мин. температура
3882,25017,2020-02-18,-30.5,Мин. температура
3882,25017,2020-03-19,-31.2,Мин. температура
3882,25017,2020-04-22,-3.2,Макс. температура
3882,25017,2020-07-19,19.0,Макс. температура
3882,25017,2020-08-22,5.5,Макс. температура
3882,25017,2020-10-11,-1.7,Макс. температура
3882,25017,2020-10-11,-11.0,Мин. температура
3882,25017,2020-11-18,-17.6,Макс. температура
3882,25017,2021-01-17,-25.4,Макс. температура
3882,25017,2021-02-15,-21.5,Макс. температура
3882,25017,2021-04-25,-9.0,Макс. температура
3882,25017,2021-04-30,-11.4,Мин. температура
3882,25017,2021-05-10,-12.0,Мин. температура
3882,25017,2021-05-29,1.0,Мин. температура
3882,25017,2021-06-01,6.2,Мин. температура
3882,25017,2021-07-12,18.5,Макс. температура
3882,25017,2021-08-31,7.5,Макс. температура
3882,25017,2021-09-15,0.4,Мин. температура
3882,25017,2021-09-16,3.0,Макс. температура
3882,25017,2021-09-19,1.5,Макс. температура
3882,25017,2021-09-28,1.0,Макс. температура
3882,25017,2021-10-29,-25.7,Мин. температура
3882,25017,2021-11-29,-36.0,Мин. температура
3882,25017,2022-02-27,-18.0,Макс. температура
3882,25017,2022-03-03,-28.9,Макс. температура
3882,25017,2022-03-03,-34.2,Мин. температура
3882,25017,2022-03-19,-24.0,Макс. температура
3882,25017,2022-04-07,-21.2,Макс. температура
3882,25017,2022-05-08,-10.0,Мин. температура
3882,25017,2022-06-28,6.4,Мин. температура
3882,25017,2022-08-09,8.8,Мин. температура
3882,25017,2022-09-01,8.5,Макс. температура
3882,25017,2022-10-02,-3.2,Мин. температура
3882,25017,2022-10-14,-15.1,Мин. температура
3882,25017,2023-01-13,-34.0,Мин. температура
3882,25017,2023-01-25,-37.6,Мин. температура
3882,25017,2023-03-02,-38.5,Макс. температура
3882,25017,2023-04-28,-19.0,Мин. температура
3882,25017,2023-04-29,-21.7,Мин. температура
3882,25017,2023-05-28,2.6,Мин. температура
3882,25017,2023-05-30,16.8,Макс. температура
3882,25017,2023-06-02,14.1,Макс. температура
3882,25017,2023-08-08,9.3,Макс. температура
3882,25017,2023-08-23,7.6,Макс. температура
3882,25017,2023-09-03,2.3,Мин. температура
3882,25017,2023-10-06,-0.1,Макс. температура
3882,25017,2023-10-27,-20.1,Мин. температура
3882,25017,2024-01-01,-30.2,Макс. температура
3882,25017,2024-01-21,-27.8,Макс. температура
3882,25017,2024-02-06,-31.4,Макс. температура
3882,25017,2024-02-22,-26.0,Мин. температура
3882,25017,2024-03-16,-27.4,Мин. температура
3882,25017,2024-06-20,7.6,Мин. температура
3882,25017,2024-06-22,21.6,Макс. температура
3882,25017,2024-07-14,5.1,Макс. температура
3882,25017,2024-07-14,1.6,Мин. температура
3882,25017,2024-08-23,0.5,Мин. температура
3882,25017,2024-08-25,12.8,Макс. температура
3882,25017,2024-08-29,2.7,Мин. температура
3882,25017,2024-09-18,3.5,Макс. температура
3882,25017,2024-09-27,-4.8,Мин. температура
3882,25017,2024-10-03,-3.5,Мин. температура
3882,25017,2024-10-07,-4.0,Мин. температура
3882,25017,2024-10-29,-12.0,Мин. температура
3882,25017,2024-11-07,-27.7,Мин. температура
3882,25017,2024-11-25,-24.5,Макс. температура
3882,25017,2024-12-21,-29.6,Мин. температура
3882,25017,2015-02-07,-27.3,Макс. температура
3882,25017,2015-02-14,-27.7,Макс. температура
3882,25017,2015-03-04,-45.6,Мин. температура
3882,25017,2015-03-16,-21.0,Макс. температура
3882,25017,2015-03-19,-16.8,Макс. температура
3882,25017,2015-05-08,-13.0,Мин. температура
3882,25017,2015-06-05,16.3,Макс. температура
3882,25017,2015-06-25,19.0,Макс. температура
3882,25017,2015-06-26,22.1,Макс. температура
3882,25017,2015-07-11,5.1,Мин. температура
3882,25017,2015-08-21,9.2,Макс. температура
3882,25017,2015-08-31,7.2,Мин. температура
3882,25017,2015-11-03,-19.5,Мин. температура
3882,25017,2015-11-27,-29.2,Макс. температура
3882,25017,2015-12-11,-37.0,Макс. температура
3882,25017,2015-12-14,-40.0,Макс. температура
3882,25017,2016-01-06,-33.0,Макс. температура
3882,25017,2016-02-19,-18.4,Мин. температура
3882,25017,2016-02-27,-35.5,Мин. температура
3882,25017,2016-02-29,-32.4,Мин. температура
3882,25017,2016-03-24,-6.6,Макс. температура
3882,25017,2016-06-03,19.8,Макс. температура
3882,25017,2016-06-20,0.7,Мин. температура
3882,25017,2016-07-08,9.9,Макс. температура
3882,25017,2016-07-15,17.9,Макс. температура
3882,25017,2016-07-23,5.3,Мин. температура
3882,25017,2016-10-03,1.0,Макс. температура
3882,25017,2016-12-09,-15.5,Макс. температура
3882,25017,2016-12-15,-34.2,Мин. температура
3882,25017,2016-12-20,-22.0,Мин. температура
3882,25017,2017-01-08,-39.9,Мин. температура
3882,25017,2017-01-12,-32.5,Макс. температура
3882,25017,2017-01-18,-35.5,Мин. температура
3882,25017,2017-03-12,-17.5,Макс. температура
3882,25017,2017-04-15,-17.6,Мин. температура
3882,25017,2017-04-29,-19.2,Мин. температура
3882,25017,2017-05-18,-1.0,Макс. температура
3882,25017,2017-05-24,-4.7,Мин. температура
3882,25017,2017-11-13,-15.2,Макс. температура
3882,25017,2017-12-08,-20.0,Мин. температура
3882,25017,2017-12-14,-20.5,Макс. температура
3882,25017,2017-12-18,-19.7,Макс. температура
3882,25017,2018-03-18,-29.7,Макс. температура
3882,25017,2018-04-25,-10.0,Макс. температура
3882,25017,2019-03-24,-30.2,Мин. температура
3882,25017,2019-07-29,4.7,Мин. температура
3882,25017,2019-08-28,3.3,Мин. температура
3882,25017,2019-09-09,-2.5,Мин. температура
3882,25017,2019-09-11,6.0,Макс. температура
3882,25017,2019-09-16,1.0,Мин. температура
3882,25017,2019-09-23,-2.5,Мин. температура
3882,25017,2019-10-06,-9.4,Мин. температура
3882,25017,2019-10-16,-1.0,Макс. температура
3882,25017,2019-10-17,-6.3,Мин. температура
3882,25017,2019-10-29,-18.5,Макс. температура
3882,25017,2019-11-01,-13.2,Макс. температура
3882,25017,2019-11-21,-26.4,Мин. температура
3882,25017,2020-01-08,-33.4,Мин. температура
3882,25017,2020-01-21,-40.5,Мин. температура
3882,25017,2020-02-15,-40.0,Мин. температура
3882,25017,2020-02-23,-33.0,Макс. температура
3882,25017,2020-02-28,-22.5,Мин. температура
3882,25017,2020-06-08,23.2,Макс. температура
3882,25017,2020-08-06,19.3,Макс. температура
3882,25017,2020-08-29,3.4,Мин. температура
3882,25017,2020-09-02,6.5,Макс. температура
3882,25017,2020-09-13,13.3,Макс. температура
3882,25017,2020-10-25,-10.7,Макс. температура
3882,25017,2021-01-09,-37.1,Мин. температура
3882,25017,2021-02-13,-32.5,Макс. температура
3882,25017,2021-02-22,-39.0,Мин. температура
3882,25017,2021-02-26,-25.6,Макс. температура
3882,25017,2021-03-30,-31.5,Мин. температура
3882,25017,2021-05-06,-2.1,Макс. температура
3882,25017,2021-05-20,1.2,Мин. температура
3882,25017,2021-06-07,17.0,Макс. температура
3882,25017,2021-06-11,0.6,Мин. температура
3882,25017,2021-06-24,22.9,Макс. температура
3882,25017,2021-06-26,10.6,Мин. температура
3882,25017,2021-07-30,1.7,Мин. температура
3882,25017,2021-08-06,2.8,Мин. температура
3882,25017,2021-08-12,3.5,Мин. температура
3882,25017,2021-08-21,22.8,Макс. температура
3882,25017,2021-09-22,2.4,Макс. температура
3882,25017,2021-09-25,-1.2,Мин. температура
3882,25017,2021-10-01,-6.0,Мин. температура
3882,25017,2021-10-09,-5.6,Макс. температура
3882,25017,2021-10-20,-11.5,Макс. температура
3882,25017,2021-12-15,-28.4,Макс. температура
3882,25017,2022-02-01,-30.2,Мин. температура
3882,25017,2022-02-02,-25.0,Мин. температура
3882,25017,2022-02-07,-34.8,Макс. температура
3882,25017,2022-02-09,-39.3,Макс. температура
3882,25017,2022-02-19,-33.5,Мин. температура
3882,25017,2022-03-15,-21.2,Макс. температура
3882,25017,2022-05-12,2.5,Макс. температура
3882,25017,2022-09-19,5.4,Макс. температура
3882,25017,2022-09-23,0.0,Мин. температура
3882,25017,2022-11-14,-34.8,Мин. температура
3882,25017,2023-01-06,-46.3,Макс. температура
3882,25017,2023-02-21,-41.3,Мин. температура
3882,25017,2023-02-22,-43.8,Мин. температура
3882,25017,2023-06-08,15.8,Макс. температура
3882,25017,2023-07-23,5.1,Мин. температура
3882,25017,2023-09-26,0.2,Макс. температура
3882,25017,2023-11-01,-20.0,Мин. температура
3882,25017,2023-11-09,-17.2,Мин. температура
3882,25017,2023-11-14,-20.9,Мин. температура
3882,25017,2023-11-21,-29.7,Макс. температура
3882,25017,2023-11-30,-24.4,Мин. температура
3882,25017,2024-01-14,-42.1,Макс. температура
3882,25017,2024-03-12,-31.3,Макс. температура
3882,25017,2024-03-13,-26.4,Макс. температура
3882,25017,2024-04-04,-26.8,Мин. температура
3882,25017,2024-04-09,-14.8,Макс. температура
3882,25017,2024-07-24,6.1,Мин. температура
3882,25017,2024-08-02,3.2,Мин. температура
3882,25017,2024-08-08,19.0,Макс. температура
3882,25017,2024-09-01,11.7,Макс. температура
3882,25017,2015-01-05,,Макс. температура
3882,25017,2015-02-19,-26.1,Макс. температура
3882,25017,2015-03-03,-45.6,Мин. температура
3882,25017,2015-03-15,-24.5,Макс. температура
3882,25017,2015-04-07,-17.4,Макс. температура
3882,25017,2015-04-18,-11.5,Макс. температура
3882,25017,2015-04-30,-17.0,Мин. температура
3882,25017,2015-06-03,9.3,Макс. температура
3882,25017,2015-06-11,5.5,Макс. температура
3882,25017,2015-07-25,10.0,Мин. температура
3882,25017,2015-08-14,6.4,Макс. температура
3882,25017,2015-09-27,-0.6,Макс. температура
3882,25017,2015-11-11,-7.9,Макс. температура
3882,25017,2016-02-29,-28.0,Макс. температура
3882,25017,2016-04-05,-10.2,Макс. температура
3882,25017,2016-04-29,-5.5,Макс. температура
3882,25017,2016-06-08,15.6,Макс. температура
3882,25017,2016-06-14,5.6,Макс. температура
3882,25017,2016-06-18,9.8,Макс. температура
3882,25017,2016-06-19,1.8,Мин. температура
3882,25017,2016-07-10,4.1,Мин. температура
3882,25017,2016-08-26,14.0,Макс. температура
3882,25017,2016-09-30,-2.5,Мин. температура
3882,25017,2016-10-04,2.0,Макс. температура
3882,25017,2016-11-30,-35.2,Мин. температура
3882,25017,2017-02-10,-29.8,Мин. температура
3882,25017,2017-02-11,-20.7,Макс. температура
3882,25017,2017-05-05,-7.5,Макс. температура
3882,25017,2017-05-31,1.4,Макс. температура
3882,25017,2017-11-04,-17.3,Макс. температура
3882,25017,2017-12-11,-22.0,Макс. температура
3882,25017,2018-01-09,-27.5,Мин. температура
3882,25017,2018-02-23,-21.5,Макс. температура
3882,25017,2018-04-18,-17.5,Мин. температура
3882,25017,2018-05-01,-6.0,Макс. температура
3882,25017,2018-05-27,-4.9,Мин. температура
3882,25017,2018-11-03,-12.5,Макс. температура
3882,25017,2018-12-02,-21.5,Мин. температура
3882,25017,2018-12-05,-33.0,Макс. температура
3882,25017,2018-12-11,-30.0,Макс. температура
3882,25017,2018-12-17,-42.0,Мин. температура
3882,25017,2019-02-24,-39.1,Мин. температура
3882,25017,2019-04-25,-2.6,Мин. температура
3882,25017,2019-08-10,21.9,Макс. температура
3882,25017,2019-08-14,4.0,Мин. температура
3882,25017,2019-12-12,-35.5,Мин. температура
3882,25017,2020-01-28,-26.4,Макс. температура
3882,25017,2020-03-18,-21.9,Макс. температура
3882,25017,2020-04-21,-4.2,Макс. температура
3882,25017,2020-05-29,15.0,Макс. температура
3882,25017,2020-06-10,18.9,Макс. температура
3882,25017,2020-07-01,4.5,Мин. температура
3882,25017,2020-08-06,8.2,Мин. температура
3882,25017,2020-09-30,6.2,Макс. температура
3882,25017,2020-11-26,-8.5,Макс. температура
3882,25017,2020-12-07,-26.5,Макс. температура
3882,25017,2021-01-11,-34.2,Макс. температура
3882,25017,2021-01-11,-45.4,Мин. температура
3882,25017,2021-01-23,-30.0,Макс. температура
3882,25017,2021-01-26,-31.2,Макс. температура
3882,25017,2021-03-02,-32.2,Макс. температура
3882,25017,2021-04-14,-24.5,Мин. температура
3882,25017,2021-04-18,-19.5,Мин. температура
3882,25017,2021-06-02,23.1,Макс. температура
3882,25017,2021-09-02,1.7,Мин. температура
3882,25017,2021-09-11,1.4,Макс. температура
3882,25017,2021-09-26,3.0,Макс. температура
3882,25017,2021-09-26,0.2,Мин. температура
3882,25017,2021-11-14,-12.5,Макс. температура
3882,25017,2021-12-13,-44.4,Мин. температура
3882,25017,2022-01-10,-23.5,Макс. температура
3882,25017,2022-01-19,-42.4,Мин. температура
3882,25017,2022-01-30,-23.5,Мин. температура
3882,25017,2022-02-03,-26.6,Макс. температура
3882,25017,2022-02-22,-39.6,Макс. температура
3882,25017,2022-03-01,-15.5,Макс. температура
3882,25017,2022-04-01,-20.5,Макс. температура
3882,25017,2022-04-13,-16.0,Макс. температура
3882,25017,2022-04-29,-16.0,Мин. температура
3882,25017,2022-05-05,-3.0,Макс. температура
3882,25017,2022-05-17,-2.5,Мин. температура
3882,25017,2022-08-16,14.0,Макс. температура
3882,25017,2022-12-04,-43.1,Мин. температура
3882,25017,2023-01-18,-40.9,Мин. температура
3882,25017,2023-02-07,-39.6,Макс. температура
3882,25017,2023-04-04,-21.0,Мин. температура
3882,25017,2023-04-11,-20.0,Макс. температура
3882,25017,2023-07-04,4.5,Мин. температура
3882,25017,2023-07-12,8.2,Мин. температура
3882,25017,2023-07-25,13.2,Макс. температура
3882,25017,2023-09-23,4.3,Макс. температура
3882,25017,2023-09-28,-3.2,Мин. температура
3882,25017,2023-10-19,-12.3,Мин. температура
3882,25017,2023-11-08,-13.1,Макс. температура
3882,25017,2023-11-17,-16.2,Макс. температура
3882,25017,2023-11-22,-33.0,Мин. температура
3882,25017,2023-11-29,-21.6,Мин. температура
3882,25017,2023-12-10,-24.9,Макс. температура
3882,25017,2024-02-21,-28.5,Макс. температура
3882,25017,2024-03-03,-26.9,Мин. температура
3882,25017,2024-03-06,-24.1,Макс. температура
3882,25017,2024-05-02,-0.7,Макс. температура
3882,25017,2024-06-24,22.2,Макс. температура
3882,25017,2024-11-18,-24.5,Мин. температура
3882,25017,2024-12-02,-21.6,Мин. температура
3882,25017,2024-12-17,-21.2,Макс. температура
3882,25017,2015-01-30,-47.2,Мин. температура
3882,25017,2015-02-06,-43.2,Мин. температура
3882,25017,2015-05-05,-11.3,Мин. температура
3882,25017,2015-05-06,-12.5,Мин. температура
3882,25017,2015-05-19,-3.1,Макс. температура
3882,25017,2015-06-29,4.9,Мин. температура
3882,25017,2015-07-31,5.5,Мин. температура
3882,25017,2015-08-05,7.0,Мин. температура
3882,25017,2015-09-23,5.2,Макс. температура
3882,25017,2015-10-11,-5.4,Макс. температура
3882,25017,2015-11-17,-17.5,Макс. температура
3882,25017,2015-11-24,-20.8,Мин. температура
3882,25017,2015-11-25,-25.6,Мин. температура
3882,25017,2015-12-10,-39.5,Мин. температура
3882,25017,2015-12-11,-39.9,Мин. температура
3882,25017,2015-12-16,-44.2,Мин. температура
3882,25017,2015-12-17,-35.9,Мин. температура
3882,25017,2016-01-03,-35.6,Мин. температура
3882,25017,2016-01-05,-38.3,Мин. температура
3882,25017,2016-01-17,-19.9,Макс. температура
3882,25017,2016-02-17,-29.3,Мин. температура
3882,25017,2016-03-13,-36.4,Мин. температура
3882,25017,2016-04-25,-20.0,Мин. температура
3882,25017,2016-06-04,5.0,Мин. температура
3882,25017,2016-06-14,3.0,Мин. температура
3882,25017,2016-06-18,2.6,Мин. температура
3882,25017,2016-07-16,20.6,Макс. температура
3882,25017,2016-09-23,-0.9,Мин. температура
3882,25017,2016-09-24,1.8,Макс. температура
3882,25017,2016-11-18,-14.0,Макс. температура
3882,25017,2016-11-23,-30.1,Мин. температура
3882,25017,2016-12-01,-31.5,Мин. температура
3882,25017,2016-12-10,-32.1,Мин. температура
3882,25017,2017-01-10,-21.7,Макс. температура
3882,25017,2017-05-11,-13.6,Мин. температура
3882,25017,2017-05-22,-1.5,Мин. температура
3882,25017,2017-11-17,-13.0,Макс. температура
3882,25017,2018-04-19,-14.1,Мин. температура
3882,25017,2018-04-26,-20.6,Мин. температура
3882,25017,2018-04-28,-8.6,Макс. температура
3882,25017,2018-05-05,-4.4,Макс. температура
3882,25017,2018-11-09,-23.9,Макс. температура
3882,25017,2019-01-21,-34.8,Мин. температура
3882,25017,2019-01-30,-32.2,Макс. температура
3882,25017,2019-03-17,-30.1,Макс. температура
3882,25017,2019-07-25,8.6,Макс. температура
3882,25017,2019-09-10,0.9,Мин. температура
3882,25017,2019-09-20,1.7,Макс. температура
3882,25017,2019-10-07,-10.2,Мин. температура
3882,25017,2019-12-16,-26.0,Макс. температура
3882,25017,2019-12-16,-33.0,Мин. температура
3882,25017,2019-12-24,-39.6,Мин. температура
3882,25017,2020-01-19,-34.8,Мин. температура
3882,25017,2020-02-02,-31.5,Макс. температура
3882,25017,2020-02-13,-28.0,Макс. температура
3882,25017,2020-02-24,-36.2,Макс. температура
3882,25017,2020-02-26,-24.0,Макс. температура
3882,25017,2020-04-01,-25.6,Мин. температура
3882,25017,2020-04-06,-27.5,Мин. температура
3882,25017,2020-04-24,-13.2,Мин. температура
3882,25017,2020-05-04,-4.6,Макс. температура
3882,25017,2020-07-03,3.7,Мин. температура
3882,25017,2020-08-18,6.6,Макс. температура
3882,25017,2020-08-31,3.8,Мин. температура
3882,25017,2020-11-07,-9.5,Макс. температура
3882,25017,2020-11-20,-11.8,Макс. температура
3882,25017,2020-11-20,-16.0,Мин. температура
3882,25017,2021-01-22,-43.0,Макс. температура
3882,25017,2021-01-26,-43.6,Мин. температура
3882,25017,2021-02-12,-28.4,Макс. температура
3882,25017,2021-05-22,1.0,Макс. температура
3882,25017,2021-07-08,7.1,Мин. температура
3882,25017,2021-09-21,1.0,Макс. температура
3882,25017,2021-11-03,-24.4,Мин. температура
3882,25017,2021-11-28,-30.5,Макс. температура
3882,25017,2021-12-18,-26.0,Макс. температура
3882,25017,2022-02-14,-34.6,Мин. температура
3882,25017,2022-04-23,-15.0,Мин. температура
3882,25017,2022-05-05,-9.9,Мин. температура
3882,25017,2022-05-10,-7.5,Мин. температура
3882,25017,2022-08-13,9.0,Макс. температура
3882,25017,2022-10-22,-6.0,Макс. температура
3882,25017,2022-11-03,-19.3,Макс. температура
3882,25017,2022-11-21,-28.2,Макс. температура
3882,25017,2022-12-03,-32.2,Мин. температура
3882,25017,2023-01-05,-47.1,Макс. температура
3882,25017,2023-01-31,-11.7,Макс. температура
3882,25017,2023-02-03,-23.8,Мин. температура
3882,25017,2023-02-14,-41.0,Мин. температура
3882,25017,2023-03-13,-25.1,Мин. температура
3882,25017,2023-05-13,0.5,Макс. температура
3882,25017,2023-05-14,-7.2,Макс. температура
3882,25017,2023-06-14,5.5,Макс. температура
3882,25017,2023-06-16,3.9,Мин. температура
3882,25017,2023-06-18,18.2,Макс. температура
3882,25017,2023-06-30,21.8,Макс. температура
3882,25017,2023-10-11,-5.5,Макс. температура
3882,25017,2023-10-16,-14.1,Мин. температура
3882,25017,2023-11-03,-4.0,Макс. температура
3882,25017,2023-11-18,-31.4,Мин. температура
3882,25017,2023-12-15,-23.1,Мин. температура
3882,25017,2023-12-17,-26.0,Мин. температура
3882,25017,2024-02-08,-25.6,Макс. температура
3882,25017,2024-02-09,-25.3,Мин. температура
3882,25017,2024-03-05,-21.6,Макс. температура
3882,25017,2024-03-22,-34.0,Мин. температура
3882,25017,2024-04-07,-27.7,Мин. температура
3882,25017,2024-05-16,-15.9,Мин. температура
3882,25017,2024-05-18,-2.4,Макс. температура
3882,25017,2024-08-19,14.3,Макс. температура
3882,25017,2024-08-27,1.6,Мин. температура
3882,25017,2024-11-24,-23.2,Макс. температура
3882,25017,2024-12-06,-26.9,Мин. температура
3882,25017,2024-12-22,-31.1,Мин. температура
3882,25017,2024-09-22,-3.8,Мин. температура
3882,25017,2024-09-23,0.6,Макс. температура
3882,25017,2024-11-05,-12.4,Макс. температура
3882,25017,2024-11-15,-24.5,Мин. температура
3882,25017,2024-11-22,-29.7,Макс. температура
3882,25017,2024-12-05,-13.8,Макс. температура
3882,25017,2024-12-30,-35.5,Макс. температура
3882,25017,2023-05-07,-17.5,Мин. температура
3882,25017,2023-05-20,-1.4,Мин. температура
3882,25017,2023-05-29,4.4,Макс. температура
3882,25017,2023-05-31,6.0,Макс. температура
3882,25017,2023-06-17,11.6,Макс. температура
3882,25017,2023-07-04,8.3,Макс. температура
3882,25017,2023-08-07,0.5,Мин. температура
3882,25017,2023-08-12,8.3,Мин. температура
3882,25017,2023-09-14,11.5,Макс. температура
3882,25017,2023-10-27,-14.8,Макс. температура
3882,25017,2023-12-22,-32.4,Макс. температура
3882,25017,2024-01-16,-27.6,Макс. температура
3882,25017,2024-04-05,-29.4,Мин. температура
3882,25017,2024-04-16,-7.9,Макс. температура
3882,25017,2024-04-20,-17.7,Мин. температура
3882,25017,2024-06-23,24.6,Макс. температура
3882,25017,2024-06-28,9.4,Макс. температура
3882,25017,2024-08-04,14.6,Макс. температура
3882,25017,2024-08-31,8.6,Макс. температура
3882,25017,2024-09-14,0.0,Мин. температура
3882,25017,2024-12-14,-25.3,Мин. температура
3882,25017,2024-12-15,-31.5,Мин. температура
3882,25017,2015-03-09,-28.5,Макс. температура
3882,25017,2015-03-21,-18.0,Макс. температура
3882,25017,2015-06-27,10.4,Мин. температура
3882,25017,2015-07-21,15.0,Макс. температура
3882,25017,2015-09-13,13.3,Макс. температура
3882,25017,2015-11-21,-15.9,Макс. температура
3882,25017,2015-12-01,-29.4,Мин. температура
3882,25017,2015-12-02,-28.6,Мин. температура
3882,25017,2016-02-16,-34.5,Мин. температура
3882,25017,2016-04-05,-22.5,Мин. температура
3882,25017,2016-04-17,-20.6,Мин. температура
3882,25017,2016-04-21,-26.0,Мин. температура
3882,25017,2016-05-08,-13.2,Мин. температура
3882,25017,2016-05-21,3.8,Макс. температура
3882,25017,2016-06-03,9.4,Мин. температура
3882,25017,2016-07-13,17.5,Макс. температура
3882,25017,2016-08-07,9.4,Мин. температура
3882,25017,2016-11-02,-7.2,Макс. температура
3882,25017,2017-01-03,-33.5,Мин. температура
3882,25017,2017-02-02,-43.0,Мин. температура
3882,25017,2017-02-24,-25.2,Макс. температура
3882,25017,2017-03-09,-13.0,Макс. температура
3882,25017,2017-05-03,-4.5,Макс. температура
3882,25017,2017-05-23,-1.2,Макс. температура
3882,25017,2017-05-28,-4.5,Мин. температура
3882,25017,2017-11-16,-20.3,Мин. температура
3882,25017,2018-01-03,-20.5,Макс. температура
3882,25017,2018-01-07,-41.6,Мин. температура
3882,25017,2018-03-24,-22.3,Макс. температура
3882,25017,2018-11-29,-20.9,Макс. температура
3882,25017,2019-02-16,-45.6,Мин. температура
3882,25017,2019-03-25,-21.0,Макс. температура
3882,25017,2019-04-17,-5.2,Макс. температура
3882,25017,2019-07-26,3.7,Мин. температура
3882,25017,2019-08-13,14.0,Макс. температура
3882,25017,2019-09-01,9.0,Макс. температура
3882,25017,2019-09-10,8.6,Макс. температура
3882,25017,2019-10-24,-21.0,Мин. температура
3882,25017,2019-10-26,-13.0,Макс. температура
3882,25017,2019-11-12,-6.0,Макс. температура
3882,25017,2019-11-21,-19.0,Макс. температура
3882,25017,2020-03-25,-27.0,Мин. температура
3882,25017,2020-03-27,-31.5,Мин. температура
3882,25017,2020-04-07,-11.6,Макс. температура
3882,25017,2020-04-07,-19.6,Мин. температура
3882,25017,2020-04-19,-14.1,Макс. температура
3882,25017,2020-05-02,-8.9,Мин. температура
3882,25017,2020-05-15,-0.1,Макс. температура
3882,25017,2020-06-01,12.5,Макс. температура
3882,25017,2020-06-09,24.3,Макс. температура
3882,25017,2020-06-12,14.8,Макс. температура
3882,25017,2020-07-06,13.5,Макс. температура
3882,25017,2020-07-22,16.0,Мин. температура
3882,25017,2020-07-24,26.7,Макс. температура
3882,25017,2020-08-08,15.5,Макс. температура
3882,25017,2020-08-09,11.0,Макс. температура
3882,25017,2020-09-01,3.0,Мин. температура
3882,25017,2020-09-23,5.6,Макс. температура
3882,25017,2020-10-12,-7.2,Мин. температура
3882,25017,2020-11-28,-11.3,Мин. температура
3882,25017,2020-12-23,-26.2,Макс. температура
3882,25017,2020-12-29,-41.5,Макс. температура
3882,25017,2021-03-17,-30.5,Мин. температура
3882,25017,2021-03-22,-22.0,Макс. температура
3882,25017,2021-04-04,-19.0,Макс. температура
3882,25017,2021-05-02,-13.5,Мин. температура
3882,25017,2021-06-18,7.6,Макс. температура
3882,25017,2021-06-18,4.0,Мин. температура
3882,25017,2021-06-22,23.7,Макс. температура
3882,25017,2021-08-28,6.7,Макс. температура
3882,25017,2021-09-08,1.5,Макс. температура
3882,25017,2021-09-10,-0.1,Мин. температура
3882,25017,2021-10-05,-4.4,Мин. температура
3882,25017,2021-10-31,-22.5,Мин. температура
3882,25017,2021-11-11,-20.7,Макс. температура
3882,25017,2021-11-27,-29.5,Макс. температура
3882,25017,2022-01-13,-37.1,Мин. температура
3882,25017,2022-01-17,-36.1,Макс. температура
3882,25017,2022-02-25,-26.2,Мин. температура
3882,25017,2022-04-11,-14.6,Макс. температура
3882,25017,2022-04-14,-16.7,Макс. температура
3882,25017,2022-05-13,0.5,Мин. температура
3882,25017,2022-05-18,-1.5,Макс. температура
3882,25017,2022-05-23,6.4,Мин. температура
3882,25017,2022-07-02,15.8,Макс. температура
3882,25017,2022-07-16,19.6,Макс. температура
3882,25017,2022-07-29,19.7,Макс. температура
3882,25017,2022-09-12,3.4,Мин. температура
3882,25017,2022-09-23,3.0,Макс. температура
3882,25017,2022-10-31,-16.7,Макс. температура
3882,25017,2022-12-19,-21.1,Мин. температура
3882,25017,2023-01-05,-47.9,Мин. температура
3882,25017,2023-02-19,-35.4,Макс. температура
3882,25017,2023-07-06,7.4,Мин. температура
3882,25017,2023-07-14,15.7,Мин. температура
3882,25017,2023-08-25,14.5,Макс. температура
3882,25017,2023-12-23,-36.1,Мин. температура
3882,25017,2024-01-23,-36.8,Мин. температура
3882,25017,2024-01-26,-40.1,Макс. температура
3882,25017,2024-02-28,-20.8,Макс. температура
3882,25017,2024-04-12,-20.3,Мин. температура
3882,25017,2024-04-26,-10.4,Макс. температура
3882,25017,2024-05-25,-4.7,Мин. температура
3882,25017,2024-05-26,11.3,Макс. температура
3882,25017,2024-06-17,23.6,Макс. температура
3882,25017,2024-07-02,20.3,Макс. температура
3882,25017,2024-07-07,1.5,Мин. температура
3882,25017,2024-07-11,7.3,Мин. температура
3882,25017,2024-08-07,14.9,Макс. температура
3882,25017,2024-08-24,5.8,Макс. температура
3882,25017,2024-08-28,5.5,Макс. температура
3882,25017,2024-09-15,1.7,Мин. температура
3882,25017,2024-09-28,0.9,Макс. температура
3882,25017,2024-10-27,-7.5,Макс. температура
3882,25017,2024-11-24,-32.9,Мин. температура
3882,25017,2015-01-02,,Макс. температура
3882,25017,2015-01-05,,Мин. температура
3882,25017,2015-01-29,-43.0,Мин. температура
3882,25017,2015-02-16,-30.8,Макс. температура
3882,25017,2015-03-12,-21.3,Макс. температура
3882,25017,2015-04-05,-14.5,Макс. температура
3882,25017,2015-04-26,-9.1,Макс. температура
3882,25017,2015-09-26,-2.9,Мин. температура
3882,25017,2015-10-10,-7.5,Мин. температура
3882,25017,2015-11-11,-29.3,Мин. температура
3882,25017,2015-11-25,-12.2,Макс. температура
3882,25017,2015-12-23,-42.6,Мин. температура
3882,25017,2016-01-14,-24.4,Мин. температура
3882,25017,2016-01-23,-34.6,Мин. температура
3882,25017,2016-01-24,-33.5,Макс. температура
3882,25017,2016-04-19,-25.8,Мин. температура
3882,25017,2016-04-30,-0.6,Макс. температура
3882,25017,2016-05-02,-12.8,Мин. температура
3882,25017,2016-05-23,-3.0,Мин. температура
3882,25017,2016-08-09,14.5,Макс. температура
3882,25017,2016-08-27,15.5,Макс. температура
3882,25017,2016-10-29,-7.0,Мин. температура
3882,25017,2016-11-01,-5.8,Макс. температура
3882,25017,2016-11-17,-21.2,Мин. температура
3882,25017,2017-01-12,-34.0,Мин. температура
3882,25017,2017-01-19,-37.0,Мин. температура
3882,25017,2017-02-11,-26.2,Мин. температура
3882,25017,2017-03-08,-27.9,Мин. температура
3882,25017,2017-03-17,-29.6,Мин. температура
3882,25017,2017-03-20,-27.5,Мин. температура
3882,25017,2017-04-23,-5.0,Макс. температура
3882,25017,2017-05-19,7.7,Макс. температура
3882,25017,2017-05-22,0.5,Макс. температура
3882,25017,2017-11-08,-13.5,Мин. температура
3882,25017,2017-11-30,-23.0,Мин. температура
3882,25017,2017-12-27,-40.1,Мин. температура
3882,25017,2018-01-12,-28.0,Макс. температура
3882,25017,2018-02-09,-23.8,Мин. температура
3882,25017,2018-02-13,-21.0,Макс. температура
3882,25017,2018-02-24,-25.5,Макс. температура
3882,25017,2018-03-18,-42.8,Мин. температура
3882,25017,2018-03-19,-32.5,Макс. температура
3882,25017,2018-04-07,-15.6,Мин. температура
3882,25017,2018-04-22,-11.1,Макс. температура
3882,25017,2018-05-03,0.6,Макс. температура
3882,25017,2018-12-01,-26.5,Мин. температура
3882,25017,2018-12-29,-39.0,Мин. температура
3882,25017,2019-02-04,-29.0,Мин. температура
3882,25017,2019-02-24,-29.2,Макс. температура
3882,25017,2019-07-03,13.2,Макс. температура
3882,25017,2019-09-17,5.2,Мин. температура
3882,25017,2019-09-19,3.4,Макс. температура
3882,25017,2019-10-19,-5.6,Макс. температура
3882,25017,2019-11-04,-22.6,Мин. температура
3882,25017,2019-12-02,-27.0,Макс. температура
3882,25017,2020-01-25,-46.6,Мин. температура
3882,25017,2020-01-27,-25.7,Макс. температура
3882,25017,2020-02-14,-39.0,Мин. температура
3882,25017,2020-06-16,27.6,Макс. температура
3882,25017,2020-09-09,7.2,Макс. температура
3882,25017,2020-09-13,3.8,Мин. температура
3882,25017,2020-10-08,-0.2,Макс. температура
3882,25017,2020-11-11,-19.9,Мин. температура
3882,25017,2020-11-13,-28.0,Мин. температура
3882,25017,2020-12-14,-24.5,Мин. температура
3882,25017,2020-12-26,-29.0,Мин. температура
3882,25017,2021-01-20,-37.5,Макс. температура
3882,25017,2021-01-24,-42.5,Мин. температура
3882,25017,2021-02-06,-20.9,Макс. температура
3882,25017,2021-03-02,-37.6,Мин. температура
3882,25017,2021-03-12,-31.5,Мин. температура
3882,25017,2021-03-21,-36.9,Мин. температура
3882,25017,2021-05-12,-5.2,Макс. температура
3882,25017,2021-05-23,6.5,Макс. температура
3882,25017,2021-06-03,22.8,Макс. температура
3882,25017,2021-06-11,9.0,Макс. температура
3882,25017,2021-06-14,17.0,Макс. температура
3882,25017,2021-07-09,12.6,Мин. температура
3882,25017,2021-07-17,19.6,Макс. температура
3882,25017,2021-09-04,2.2,Мин. температура
3882,25017,2021-09-11,-1.4,Мин. температура
3882,25017,2021-10-05,-2.4,Макс. температура
3882,25017,2021-10-16,-9.0,Мин. температура
3882,25017,2021-10-18,-8.9,Макс. температура
3882,25017,2021-12-02,-32.2,Макс. температура
3882,25017,2021-12-14,-27.5,Макс. температура
3882,25017,2022-01-09,-22.7,Макс. температура
3882,25017,2022-03-12,-25.0,Мин. температура
3882,25017,2022-06-01,6.0,Мин. температура
3882,25017,2022-06-28,12.1,Макс. температура
3882,25017,2022-07-07,5.3,Мин. температура
3882,25017,2022-07-30,20.1,Макс. температура
3882,25017,2022-08-30,0.0,Мин. температура
3882,25017,2022-12-30,-38.9,Макс. температура
3882,25017,2023-01-03,-45.2,Макс. температура
3882,25017,2023-01-11,-29.5,Макс. температура
3882,25017,2023-01-27,-26.3,Макс. температура
3882,25017,2023-02-05,-39.5,Мин. температура
3882,25017,2023-02-06,-24.2,Макс. температура
3882,25017,2023-06-14,2.1,Мин. температура
3882,25017,2023-06-29,26.3,Макс. температура
3882,25017,2023-08-17,2.8,Мин. температура
3882,25017,2023-09-07,1.5,Мин. температура
3882,25017,2024-01-13,-44.9,Мин. температура
3882,25017,2024-03-07,-26.0,Макс. температура
3882,25017,2024-03-14,-36.1,Мин. температура
3882,25017,2024-03-25,-27.8,Мин. температура
3882,25017,2024-04-22,-15.2,Мин. температура
3882,25017,2024-05-12,-6.4,Мин. температура
3882,25017,2024-06-11,4.6,Мин. температура
3882,25017,2024-07-27,6.4,Мин. температура
3882,25017,2024-08-03,5.6,Мин. температура
3882,25017,2024-08-22,6.5,Макс. температура
3882,25017,2024-08-30,9.2,Макс. температура
3882,25017,2024-09-13,9.8,Макс. температура
3882,25017,2024-10-01,-6.2,Мин. температура
3882,25017,2024-10-06,-1.9,Макс. температура
3882,25017,2024-10-12,-5.1,Макс. температура
3882,25017,2024-11-06,-23.3,Мин. температура
3882,25017,2015-01-03,,Макс. температура
3882,25017,2015-02-10,-31.8,Макс. температура
3882,25017,2015-04-24,-11.5,Макс. температура
3882,25017,2015-05-22,-7.6,Мин. температура
3882,25017,2015-08-10,16.8,Макс. температура
3882,25017,2015-08-18,8.0,Макс. температура
3882,25017,2015-11-23,-13.2,Макс. температура
3882,25017,2015-12-07,-31.2,Макс. температура
3882,25017,2016-02-20,-15.2,Макс. температура
3882,25017,2016-05-13,-21.5,Мин. температура
3882,25017,2016-06-19,9.4,Макс. температура
3882,25017,2016-07-15,5.0,Мин. температура
3882,25017,2016-08-02,8.0,Мин. температура
3882,25017,2016-08-29,12.8,Макс. температура
3882,25017,2016-09-20,2.4,Макс. температура
3882,25017,2016-10-19,-7.0,Макс. температура
3882,25017,2016-11-15,-16.9,Макс. температура
3882,25017,2017-02-03,-21.5,Макс. температура
3882,25017,2017-02-04,-23.5,Макс. температура
3882,25017,2017-03-31,-6.5,Макс. температура
3882,25017,2017-12-02,-26.2,Мин. температура
3882,25017,2018-01-10,-29.0,Мин. температура
3882,25017,2018-01-20,-37.0,Мин. температура
3882,25017,2018-01-28,-19.5,Макс. температура
3882,25017,2018-01-28,-30.5,Мин. температура
3882,25017,2018-01-29,-30.5,Мин. температура
3882,25017,2018-02-24,-33.5,Мин. температура
3882,25017,2018-04-06,-9.1,Макс. температура
3882,25017,2018-05-06,-9.3,Макс. температура
3882,25017,2018-11-15,-16.6,Макс. температура
3882,25017,2018-12-13,-39.1,Мин. температура
3882,25017,2019-01-04,-22.6,Макс. температура
3882,25017,2019-02-03,-26.0,Макс. температура
3882,25017,2019-02-19,-40.0,Мин. температура
3882,25017,2019-03-27,-16.8,Макс. температура
3882,25017,2019-03-29,-12.1,Макс. температура
3882,25017,2019-07-05,11.1,Макс. температура
3882,25017,2019-07-20,1.2,Мин. температура
3882,25017,2019-07-27,9.7,Макс. температура
3882,25017,2019-08-21,21.8,Макс. температура
3882,25017,2019-10-01,-3.5,Мин. температура
3882,25017,2019-11-19,-28.4,Мин. температура
3882,25017,2019-12-15,-34.0,Мин. температура
3882,25017,2019-12-29,-35.3,Мин. температура
3882,25017,2020-02-04,-38.6,Мин. температура
3882,25017,2020-02-16,-32.5,Мин. температура
3882,25017,2020-03-03,-29.5,Мин. температура
3882,25017,2020-04-23,-9.6,Мин. температура
3882,25017,2020-04-29,-1.0,Макс. температура
3882,25017,2020-06-15,11.0,Мин. температура
3882,25017,2020-07-13,7.0,Мин. температура
3882,25017,2020-08-05,12.8,Макс. температура
3882,25017,2020-09-26,2.1,Мин. температура
3882,25017,2020-11-22,-14.5,Макс. температура
3882,25017,2020-12-01,-24.0,Макс. температура
3882,25017,2021-01-29,-32.5,Мин. температура
3882,25017,2021-02-14,-26.1,Макс. температура
3882,25017,2021-06-28,13.2,Мин. температура
3882,25017,2021-07-31,14.6,Макс. температура
3882,25017,2021-08-02,1.5,Мин. температура
3882,25017,2021-08-13,5.5,Мин. температура
3882,25017,2021-08-15,7.5,Мин. температура
3882,25017,2021-09-15,2.8,Макс. температура
3882,25017,2021-09-29,-2.2,Макс. температура
3882,25017,2021-10-11,-10.2,Мин. температура
3882,25017,2021-11-20,-17.0,Макс. температура
3882,25017,2021-12-02,-42.0,Мин. температура
3882,25017,2021-12-22,-18.5,Макс. температура
3882,25017,2022-04-07,-34.5,Мин. температура
3882,25017,2022-04-18,-26.0,Мин. температура
3882,25017,2022-04-19,-16.7,Мин. температура
3882,25017,2022-04-26,-11.6,Макс. температура
3882,25017,2022-05-15,-7.5,Мин. температура
3882,25017,2022-05-23,15.6,Макс. температура
3882,25017,2022-06-20,12.0,Макс. температура
3882,25017,2022-06-21,1.6,Мин. температура
3882,25017,2022-06-30,15.0,Макс. температура
3882,25017,2022-07-05,20.7,Макс. температура
3882,25017,2022-09-01,-0.5,Мин. температура
3882,25017,2022-09-14,0.4,Мин. температура
3882,25017,2022-11-09,-27.9,Мин. температура
3882,25017,2022-11-30,-21.1,Макс. температура
3882,25017,2023-02-07,-44.9,Мин. температура
3882,25017,2023-02-11,-49.1,Мин. температура
3882,25017,2023-03-07,-47.1,Мин. температура
3882,25017,2023-04-17,-7.3,Макс. температура
3882,25017,2023-04-19,-10.6,Мин. температура
3882,25017,2023-04-20,-14.2,Мин. температура
3882,25017,2023-05-12,-12.7,Мин. температура
3882,25017,2023-05-18,11.5,Макс. температура
3882,25017,2023-06-03,3.2,Мин. температура
3882,25017,2023-07-13,25.4,Макс. температура
3882,25017,2023-08-16,14.5,Макс. температура
3882,25017,2023-08-17,14.6,Макс. температура
3882,25017,2023-08-23,4.1,Мин. температура
3882,25017,2023-08-31,4.0,Мин. температура
3882,25017,2023-09-10,9.6,Макс. температура
3882,25017,2023-10-02,-1.7,Мин. температура
3882,25017,2023-10-23,-10.7,Мин. температура
3882,25017,2023-10-24,-4.4,Макс. температура
3882,25017,2023-11-19,-36.7,Мин. температура
3882,25017,2023-12-02,-28.4,Макс. температура
3882,25017,2024-01-29,-24.8,Мин. температура
3882,25017,2024-03-27,-21.4,Макс. температура
3882,25017,2024-05-14,-9.7,Мин. температура
3882,25017,2024-05-30,0.7,Макс. температура
3882,25017,2024-06-08,5.1,Макс. температура
3882,25017,2024-08-23,6.7,Макс. температура
3882,25017,2024-09-10,8.2,Макс. температура
3882,25017,2024-09-12,3.6,Макс. температура
3882,25017,2024-10-20,-11.1,Мин. температура
3882,25017,2024-12-09,-31.9,Макс. температура
3882,25017,2024-12-13,-21.7,Мин. температура
3882,25017,2024-12-30,-45.0,Мин. температура
3882,25017,2015-01-04,,Мин. температура
3882,25017,2015-02-02,-42.3,Мин. температура
3882,25017,2015-02-08,-37.0,Мин. температура
3882,25017,2015-03-29,-31.6,Мин. температура
3882,25017,2015-04-01,-34.0,Мин. температура
3882,25017,2015-04-22,-21.0,Мин. температура
3882,25017,2015-05-08,-1.4,Макс. температура
3882,25017,2015-08-01,5.9,Мин. температура
3882,25017,2015-09-12,4.8,Мин. температура
3882,25017,2015-10-10,-2.8,Макс. температура
3882,25017,2015-11-06,-24.0,Мин. температура
3882,25017,2016-03-15,-36.1,Мин. температура
3882,25017,2016-04-06,-14.0,Макс. температура
3882,25017,2016-04-20,-11.8,Макс. температура
3882,25017,2016-05-19,9.4,Макс. температура
3882,25017,2016-05-31,-1.6,Мин. температура
3882,25017,2016-06-06,21.4,Макс. температура
3882,25017,2016-06-20,8.7,Макс. температура
3882,25017,2016-06-22,1.8,Мин. температура
3882,25017,2016-07-04,11.1,Макс. температура
3882,25017,2016-09-03,11.1,Макс. температура
3882,25017,2016-09-08,2.5,Мин. температура
3882,25017,2016-09-22,1.6,Мин. температура
3882,25017,2016-10-08,1.0,Макс. температура
3882,25017,2016-10-12,0.5,Макс. температура
3882,25017,2016-10-13,-5.4,Мин. температура
3882,25017,2016-11-06,-7.0,Мин. температура
3882,25017,2016-12-13,-39.0,Мин. температура
3882,25017,2017-01-20,-37.5,Мин. температура
3882,25017,2017-02-07,-28.5,Мин. температура
3882,25017,2017-02-26,-22.7,Макс. температура
3882,25017,2017-02-26,-30.8,Мин. температура
3882,25017,2017-04-04,-6.3,Макс. температура
3882,25017,2017-11-09,-14.7,Мин. температура
3882,25017,2017-12-19,-27.8,Мин. температура
3882,25017,2018-01-17,-37.3,Мин. температура
3882,25017,2018-04-12,-16.0,Макс. температура
3882,25017,2018-04-13,-17.3,Макс. температура
3882,25017,2018-04-20,-16.5,Мин. температура
3882,25017,2018-04-26,-10.5,Макс. температура
3882,25017,2019-01-17,-40.5,Макс. температура
3882,25017,2019-02-02,-28.2,Мин. температура
3882,25017,2019-02-09,-40.5,Мин. температура
3882,25017,2019-03-11,-19.5,Макс. температура
3882,25017,2019-03-20,-26.3,Макс. температура
3882,25017,2019-04-23,-13.9,Мин. температура
3882,25017,2019-04-25,1.5,Макс. температура
3882,25017,2019-04-29,-7.2,Мин. температура
3882,25017,2019-10-21,-15.7,Мин. температура
3882,25017,2020-01-27,-41.5,Мин. температура
3882,25017,2020-04-21,-14.0,Мин. температура
3882,25017,2020-05-07,-9.2,Мин. температура
3882,25017,2020-05-17,-3.8,Мин. температура
3882,25017,2020-08-23,-0.2,Мин. температура
3882,25017,2020-11-14,-26.4,Макс. температура
3882,25017,2020-11-29,-12.2,Макс. температура
3882,25017,2021-02-02,-32.9,Мин. температура
3882,25017,2021-02-24,-40.5,Мин. температура
3882,25017,2021-02-27,-30.6,Мин. температура
3882,25017,2021-03-07,-21.0,Макс. температура
3882,25017,2021-04-11,-21.1,Макс. температура
3882,25017,2021-04-25,-16.5,Мин. температура
3882,25017,2021-05-16,5.1,Макс. температура
3882,25017,2021-05-28,15.6,Макс. температура
3882,25017,2021-07-25,8.2,Макс. температура
3882,25017,2021-08-07,2.7,Мин. температура
3882,25017,2021-08-16,8.6,Макс. температура
3882,25017,2021-08-26,3.5,Мин. температура
3882,25017,2021-08-29,7.5,Макс. температура
3882,25017,2021-09-23,-3.6,Мин. температура
3882,25017,2021-10-08,-2.0,Макс. температура
3882,25017,2021-12-06,-41.4,Мин. температура
3882,25017,2021-12-08,-36.5,Макс. температура
3882,25017,2022-02-04,-29.3,Макс. температура
3882,25017,2022-03-17,-22.2,Макс. температура
3882,25017,2022-03-31,-21.5,Макс. температура
3882,25017,2022-05-06,-4.5,Макс. температура
3882,25017,2022-05-15,-4.2,Макс. температура
3882,25017,2022-05-19,-3.0,Мин. температура
3882,25017,2022-05-24,12.0,Макс. температура
3882,25017,2022-06-07,6.0,Макс. температура
3882,25017,2022-08-08,13.2,Макс. температура
3882,25017,2022-08-12,12.0,Макс. температура
3882,25017,2022-09-05,7.3,Макс. температура
3882,25017,2022-09-06,12.8,Макс. температура
3882,25017,2022-09-09,8.0,Мин. температура
3882,25017,2022-09-19,-3.5,Мин. температура
3882,25017,2022-11-13,-31.7,Мин. температура
3882,25017,2022-11-16,-30.3,Макс. температура
3882,25017,2022-11-17,-26.9,Мин. температура
3882,25017,2022-11-19,-23.7,Макс. температура
3882,25017,2022-12-06,-28.5,Макс. температура
3882,25017,2023-03-12,-29.1,Мин. температура
3882,25017,2023-03-31,-17.8,Макс. температура
3882,25017,2023-05-09,-9.6,Макс. температура
3882,25017,2023-06-28,8.8,Мин. температура
3882,25017,2023-07-12,20.7,Макс. температура
3882,25017,2023-07-20,21.6,Макс. температура
3882,25017,2023-09-01,2.8,Мин. температура
3882,25017,2023-09-15,-1.6,Мин. температура
3882,25017,2023-10-03,-2.7,Мин. температура
3882,25017,2023-11-02,-19.7,Мин. температура
3882,25017,2023-11-08,-15.3,Мин. температура
3882,25017,2023-11-24,-23.0,Мин. температура
3882,25017,2023-12-13,-17.3,Макс. температура
3882,25017,2023-12-13,-20.2,Мин. температура
3882,25017,2023-12-22,-36.2,Мин. температура
3882,25017,2024-01-08,-38.4,Мин. температура
3882,25017,2024-04-03,-14.5,Макс. температура
3882,25017,2024-04-30,-13.4,Мин. температура
3882,25017,2024-06-05,25.4,Макс. температура
3882,25017,2024-06-09,-1.2,Мин. температура
3882,25017,2024-07-26,3.7,Мин. температура
3882,25017,2024-08-04,9.0,Мин. температура
3882,25017,2024-08-17,5.0,Мин. температура
3882,25017,2024-09-03,5.3,Мин. температура
3882,25017,2024-10-06,-4.2,Мин. температура
3882,25017,2024-10-27,-8.7,Мин. температура
3882,25017,2024-11-17,-23.7,Мин. температура
3882,25017,2015-01-27,-29.3,Макс. температура
3882,25017,2015-03-20,-27.5,Мин. температура
3882,25017,2015-03-22,-33.5,Мин. температура
3882,25017,2015-03-31,-21.5,Макс. температура
3882,25017,2015-05-23,0.6,Макс. температура
3882,25017,2015-06-30,18.3,Макс. температура
3882,25017,2015-07-01,22.2,Макс. температура
3882,25017,2015-07-19,15.1,Макс. температура
3882,25017,2015-11-02,-15.3,Макс. температура
3882,25017,2015-11-28,-33.0,Мин. температура
3882,25017,2015-12-10,-28.0,Макс. температура
3882,25017,2016-03-20,-26.2,Мин. температура
3882,25017,2016-03-27,-22.5,Мин. температура
3882,25017,2016-06-07,2.6,Мин. температура
3882,25017,2016-06-26,17.1,Макс. температура
3882,25017,2016-09-17,-0.3,Мин. температура
3882,25017,2016-10-31,-8.4,Мин. температура
3882,25017,2016-12-25,-32.5,Мин. температура
3882,25017,2017-02-01,-38.9,Мин. температура
3882,25017,2017-02-04,-29.3,Мин. температура
3882,25017,2017-02-19,-41.6,Мин. температура
3882,25017,2017-03-14,-20.3,Макс. температура
3882,25017,2017-03-15,-17.6,Макс. температура
3882,25017,2017-04-01,-18.3,Мин. температура
3882,25017,2017-05-02,-11.3,Мин. температура
3882,25017,2017-05-16,2.6,Макс. температура
3882,25017,2018-03-12,-32.1,Макс. температура
3882,25017,2018-03-24,-29.9,Мин. температура
3882,25017,2018-04-11,-19.5,Мин. температура
3882,25017,2018-05-07,-6.9,Макс. температура
3882,25017,2018-05-18,0.5,Макс. температура
3882,25017,2018-12-08,-32.5,Макс. температура
3882,25017,2018-12-17,-40.0,Макс. температура
3882,25017,2019-03-20,-32.0,Мин. температура
3882,25017,2019-04-03,-22.0,Мин. температура
3882,25017,2019-04-09,-21.8,Мин. температура
3882,25017,2019-04-30,-7.2,Мин. температура
3882,25017,2019-08-22,6.0,Мин. температура
3882,25017,2019-08-28,10.4,Макс. температура
3882,25017,2019-12-04,-18.6,Макс. температура
3882,25017,2020-01-10,-33.0,Макс. температура
3882,25017,2020-02-15,-26.0,Макс. температура
3882,25017,2020-06-30,6.6,Мин. температура
3882,25017,2020-07-16,7.1,Макс. температура
3882,25017,2020-08-09,5.9,Мин. температура
3882,25017,2020-08-13,6.7,Макс. температура
3882,25017,2020-08-15,3.0,Мин. температура
3882,25017,2020-08-21,1.5,Мин. температура
3882,25017,2020-08-24,3.5,Макс. температура
3882,25017,2020-09-15,6.6,Макс. температура
3882,25017,2020-11-10,-12.6,Мин. температура
3882,25017,2021-04-15,-19.5,Мин. температура
3882,25017,2021-05-14,-6.6,Мин. температура
3882,25017,2021-05-26,4.3,Мин. температура
3882,25017,2021-07-04,26.7,Макс. температура
3882,25017,2021-07-10,21.9,Макс. температура
3882,25017,2021-07-27,6.8,Макс. температура
3882,25017,2021-08-04,7.5,Макс. температура
3882,25017,2021-09-13,-4.1,Мин. температура
3882,25017,2021-09-27,-2.6,Мин. температура
3882,25017,2021-10-23,-13.7,Макс. температура
3882,25017,2021-10-27,-26.0,Мин. температура
3882,25017,2021-12-26,-37.1,Мин. температура
3882,25017,2021-12-30,-40.7,Мин. температура
3882,25017,2022-01-25,-40.5,Макс. температура
3882,25017,2022-01-29,-35.2,Мин. температура
3882,25017,2022-02-04,-35.6,Мин. температура
3882,25017,2022-02-18,-39.4,Мин. температура
3882,25017,2022-03-15,-24.0,Мин. температура
3882,25017,2022-07-01,17.8,Макс. температура
3882,25017,2022-07-21,12.8,Макс. температура
3882,25017,2022-07-23,3.7,Мин. температура
3882,25017,2022-09-29,-5.4,Мин. температура
3882,25017,2022-10-23,-6.9,Макс. температура
3882,25017,2022-11-16,-40.4,Мин. температура
3882,25017,2022-12-01,-28.6,Мин. температура
3882,25017,2022-12-26,-29.2,Макс. температура
3882,25017,2023-01-10,-45.2,Мин. температура
3882,25017,2023-01-28,-37.3,Мин. температура
3882,25017,2023-02-26,-29.3,Макс. температура
3882,25017,2023-04-05,-21.1,Мин. температура
3882,25017,2023-06-13,2.0,Мин. температура
3882,25017,2023-12-26,-41.3,Мин. температура
3882,25017,2024-01-07,-23.6,Макс. температура
3882,25017,2024-01-11,-31.7,Макс. температура
3882,25017,2024-02-28,-23.9,Мин. температура
3882,25017,2024-03-17,-30.9,Мин. температура
3882,25017,2024-04-28,-5.9,Мин. температура
3882,25017,2024-07-25,6.1,Мин. температура
3882,25017,2024-08-26,5.5,Мин. температура
3882,25017,2024-11-05,-14.6,Мин. температура
3882,25017,2024-12-06,-16.5,Макс. температура
3882,25017,2015-03-15,-28.4,Мин. температура
3882,25017,2015-04-11,-32.1,Мин. температура
3882,25017,2015-05-06,-2.7,Макс. температура
3882,25017,2015-05-28,3.5,Макс. температура
3882,25017,2015-06-16,11.5,Макс. температура
3882,25017,2015-08-04,4.2,Мин. температура
3882,25017,2015-08-05,21.8,Макс. температура
3882,25017,2015-08-29,15.9,Макс. температура
3882,25017,2015-10-05,-4.2,Мин. температура
3882,25017,2015-10-06,-4.0,Мин. температура
3882,25017,2015-10-26,-22.5,Мин. температура
3882,25017,2015-12-06,-20.5,Макс. температура
3882,25017,2016-01-08,-27.5,Мин. температура
3882,25017,2016-01-15,-17.1,Макс. температура
3882,25017,2016-01-16,-32.9,Мин. температура
3882,25017,2016-01-21,-31.6,Мин. температура
3882,25017,2016-02-07,-32.7,Мин. температура
3882,25017,2016-06-05,5.7,Мин. температура
3882,25017,2016-07-03,6.6,Мин. температура
3882,25017,2016-10-01,-6.8,Мин. температура
3882,25017,2016-10-03,-3.5,Мин. температура
3882,25017,2016-10-27,-1.2,Мин. температура
3882,25017,2016-12-03,-42.8,Мин. температура
3882,25017,2017-01-11,-35.0,Мин. температура
3882,25017,2017-01-24,-39.0,Мин. температура
3882,25017,2017-03-19,-15.5,Макс. температура
3882,25017,2017-05-09,-4.7,Макс. температура
3882,25017,2017-05-17,1.7,Макс. температура
3882,25017,2017-11-10,-21.3,Мин. температура
3882,25017,2017-11-27,-16.8,Макс. температура
3882,25017,2018-02-03,-21.5,Мин. температура
3882,25017,2018-02-08,-23.0,Макс. температура
3882,25017,2018-04-16,-26.2,Мин. температура
3882,25017,2018-04-17,-19.9,Мин. температура
3882,25017,2018-05-25,-2.5,Макс. температура
3882,25017,2018-05-29,-4.0,Мин. температура
3882,25017,2019-01-03,-25.8,Мин. температура
3882,25017,2019-01-09,-28.5,Макс. температура
3882,25017,2019-03-08,-34.0,Мин. температура
3882,25017,2019-03-31,-19.5,Мин. температура
3882,25017,2019-07-22,9.0,Макс. температура
3882,25017,2019-07-23,3.5,Мин. температура
3882,25017,2019-08-03,2.9,Мин. температура
3882,25017,2020-01-14,-25.0,Макс. температура
3882,25017,2020-03-14,-26.7,Макс. температура
3882,25017,2020-03-17,-34.0,Мин. температура
3882,25017,2020-03-24,-17.0,Макс. температура
3882,25017,2020-04-29,-7.5,Мин. температура
3882,25017,2020-05-10,-0.6,Макс. температура
3882,25017,2020-07-21,27.0,Макс. температура
3882,25017,2020-10-04,-1.5,Мин. температура
3882,25017,2020-10-20,-4.5,Макс. температура
3882,25017,2020-11-24,-13.0,Макс. температура
3882,25017,2020-12-09,-38.5,Мин. температура
3882,25017,2020-12-11,-27.5,Макс. температура
3882,25017,2021-01-05,-32.5,Мин. температура
3882,25017,2021-01-30,-30.5,Макс. температура
3882,25017,2021-03-26,-26.5,Макс. температура
3882,25017,2021-05-29,14.4,Макс. температура
3882,25017,2021-06-05,12.7,Мин. температура
3882,25017,2021-07-17,6.0,Мин. температура
3882,25017,2021-08-25,9.8,Макс. температура
3882,25017,2021-10-03,-2.5,Макс. температура
3882,25017,2021-11-04,-24.2,Мин. температура
3882,25017,2021-11-05,-19.7,Макс. температура
3882,25017,2021-11-14,-17.4,Мин. температура
3882,25017,2021-11-19,-18.0,Макс. температура
3882,25017,2021-11-20,-27.7,Мин. температура
3882,25017,2021-11-26,-25.0,Макс. температура
3882,25017,2021-12-08,-42.0,Мин. температура
3882,25017,2021-12-24,-32.5,Мин. температура
3882,25017,2022-01-05,-30.8,Мин. температура
3882,25017,2022-02-19,-30.6,Макс. температура
3882,25017,2022-02-20,-35.5,Мин. температура
3882,25017,2022-05-14,5.5,Макс. температура
3882,25017,2022-05-24,3.8,Мин. температура
3882,25017,2022-06-24,3.0,Мин. температура
3882,25017,2022-08-25,5.3,Мин. температура
3882,25017,2022-10-24,-17.7,Мин. температура
3882,25017,2022-12-13,-45.4,Мин. температура
3882,25017,2022-12-26,-31.9,Мин. температура
3882,25017,2023-01-21,-34.6,Мин. температура
3882,25017,2023-02-05,-26.9,Макс. температура
3882,25017,2023-04-14,-7.0,Макс. температура
3882,25017,2023-04-15,-7.0,Макс. температура
3882,25017,2023-05-06,-11.7,Мин. температура
3882,25017,2023-06-15,-0.7,Мин. температура
3882,25017,2023-06-17,0.0,Мин. температура
3882,25017,2023-08-10,10.0,Макс. температура
3882,25017,2023-10-07,-6.3,Макс. температура
3882,25017,2023-10-31,-16.8,Макс. температура
3882,25017,2023-11-07,12.0,Макс. температура
3882,25017,2023-12-07,-32.7,Мин. температура
3882,25017,2023-12-09,-22.2,Макс. температура
3882,25017,2023-12-27,-40.9,Мин. температура
3882,25017,2024-02-02,-38.6,Мин. температура
3882,25017,2024-03-14,-26.8,Макс. температура
3882,25017,2024-03-23,-20.1,Макс. температура
3882,25017,2024-06-03,17.5,Макс. температура
3882,25017,2024-06-06,9.0,Макс. температура
3882,25017,2024-06-07,-2.1,Мин. температура
3882,25017,2024-06-26,4.7,Мин. температура
3882,25017,2024-10-28,-8.0,Макс. температура
3882,25017,2024-11-13,-34.2,Мин. температура
3882,25017,2024-11-28,-34.0,Мин. температура
3882,25017,2024-12-23,-39.3,Мин. температура
3882,25017,2024-12-28,-43.2,Мин. температура
3882,25017,2015-01-23,-39.4,Макс. температура
3882,25017,2015-04-21,-21.5,Мин. температура
3882,25017,2015-04-25,-5.7,Макс. температура
3882,25017,2015-05-15,-7.4,Мин. температура
3882,25017,2015-05-17,-8.7,Мин. температура
3882,25017,2015-05-27,-5.0,Мин. температура
3882,25017,2015-09-28,0.6,Макс. температура
3882,25017,2015-10-13,-12.7,Мин. температура
3882,25017,2015-12-04,-24.5,Мин. температура
3882,25017,2016-02-13,-33.6,Мин. температура
3882,25017,2016-02-15,-37.6,Мин. температура
3882,25017,2016-02-24,-22.9,Макс. температура
3882,25017,2016-03-18,-13.1,Макс. температура
3882,25017,2016-04-12,-19.4,Мин. температура
3882,25017,2016-04-15,-23.0,Мин. температура
3882,25017,2016-05-14,9.2,Макс. температура
3882,25017,2016-07-11,11.0,Макс. температура
3882,25017,2016-07-30,17.4,Макс. температура
3882,25017,2016-09-05,3.1,Мин. температура
3882,25017,2016-11-28,-23.6,Мин. температура
3882,25017,2016-12-11,-32.7,Мин. температура
3882,25017,2016-12-21,-17.0,Макс. температура
3882,25017,2017-01-25,-35.8,Макс. температура
3882,25017,2017-03-05,-22.0,Макс. температура
3882,25017,2017-04-16,-20.0,Мин. температура
3882,25017,2017-11-11,-15.1,Макс. температура
3882,25017,2018-01-12,-38.5,Мин. температура
3882,25017,2018-02-04,-20.0,Макс. температура
3882,25017,2018-02-15,-17.5,Макс. температура
3882,25017,2018-02-15,-23.0,Мин. температура
3882,25017,2018-02-27,-17.5,Макс. температура
3882,25017,2018-03-31,-32.0,Мин. температура
3882,25017,2018-05-22,-4.2,Мин. температура
3882,25017,2018-11-08,-29.0,Мин. температура
3882,25017,2019-02-20,-34.0,Макс. температура
3882,25017,2019-07-07,5.4,Мин. температура
3882,25017,2019-09-26,-3.0,Мин. температура
3882,25017,2019-10-06,-3.0,Макс. температура
3882,25017,2019-10-09,-4.0,Макс. температура
3882,25017,2019-11-09,-8.5,Макс. температура
3882,25017,2019-11-16,-11.4,Мин. температура
3882,25017,2019-12-09,-25.0,Макс. температура
3882,25017,2020-02-24,-38.5,Мин. температура
3882,25017,2020-04-27,3.6,Макс. температура
3882,25017,2020-05-27,15.5,Макс. температура
3882,25017,2020-05-30,5.9,Мин. температура
3882,25017,2020-06-07,20.3,Макс. температура
3882,25017,2020-06-08,5.4,Мин. температура
3882,25017,2020-06-11,2.1,Мин. температура
3882,25017,2020-07-08,8.0,Мин. температура
3882,25017,2020-07-31,7.6,Мин. температура
3882,25017,2020-08-20,3.7,Мин. температура
3882,25017,2020-09-07,13.7,Макс. температура
3882,25017,2020-09-16,5.8,Макс. температура
3882,25017,2020-10-05,-5.0,Мин. температура
3882,25017,2020-10-17,-2.4,Мин. температура
3882,25017,2020-10-28,-13.0,Макс. температура
3882,25017,2020-11-12,-21.0,Мин. температура
3882,25017,2021-01-23,-44.6,Мин. температура
3882,25017,2021-02-11,-22.0,Макс. температура
3882,25017,2021-04-11,-26.0,Мин. температура
3882,25017,2021-06-06,21.8,Макс. температура
3882,25017,2021-07-16,16.0,Макс. температура
3882,25017,2021-08-21,3.4,Мин. температура
3882,25017,2021-09-01,5.9,Макс. температура
3882,25017,2021-09-08,0.4,Мин. температура
3882,25017,2022-01-14,-36.5,Мин. температура
3882,25017,2022-02-24,-40.4,Мин. температура
3882,25017,2022-03-10,-20.0,Макс. температура
3882,25017,2022-04-03,-28.0,Мин. температура
3882,25017,2022-05-07,-7.6,Макс. температура
3882,25017,2022-05-09,-9.4,Мин. температура
3882,25017,2022-06-18,5.7,Мин. температура
3882,25017,2022-07-11,20.9,Макс. температура
3882,25017,2022-08-22,11.8,Мин. температура
3882,25017,2022-12-08,-29.3,Макс. температура
3882,25017,2023-01-20,-34.4,Мин. температура
3882,25017,2023-04-01,-19.9,Макс. температура
3882,25017,2023-06-23,20.0,Макс. температура
3882,25017,2023-07-10,1.8,Мин. температура
3882,25017,2023-07-11,12.5,Макс. температура
3882,25017,2023-07-15,17.6,Мин. температура
3882,25017,2023-07-29,3.4,Мин. температура
3882,25017,2023-09-02,4.9,Макс. температура
3882,25017,2023-09-24,-0.7,Мин. температура
3882,25017,2023-09-25,-2.4,Мин. температура
3882,25017,2023-10-26,-21.3,Мин. температура
3882,25017,2023-11-13,-32.5,Мин. температура
3882,25017,2023-12-18,-27.7,Макс. температура
3882,25017,2024-01-27,-35.4,Макс. температура
3882,25017,2024-02-01,-16.1,Макс. температура
3882,25017,2024-02-13,-36.6,Макс. температура
3882,25017,2024-07-09,5.4,Мин. температура
3882,25017,2024-07-15,12.9,Макс. температура
3882,25017,2024-09-07,9.7,Макс. температура
3882,25017,2024-09-14,4.9,Макс. температура
3882,25017,2024-09-21,-1.5,Мин. температура
3882,25017,2024-10-24,-13.4,Мин. температура
3882,25017,2024-12-25,-31.8,Макс. температура
3882,25017,2024-05-24,-0.1,Макс. температура
3882,25017,2024-05-29,0.5,Макс. температура
3882,25017,2024-06-13,5.0,Мин. температура
3882,25017,2024-06-19,25.1,Макс. температура
3882,25017,2024-06-23,9.2,Мин. температура
3882,25017,2024-06-27,2.0,Мин. температура
3882,25017,2024-07-10,9.7,Мин. температура
3882,25017,2024-07-13,23.3,Макс. температура
3882,25017,2024-08-10,8.2,Мин. температура
3882,25017,2024-09-12,-1.3,Мин. температура
3882,25017,2024-11-03,-11.0,Макс. температура
3882,25017,2024-11-20,-19.8,Макс. температура
3882,25017,2024-11-20,-28.3,Мин. температура
3882,25017,2015-01-02,,Мин. температура
3882,25017,2015-01-17,-38.7,Макс. температура
3882,25017,2015-02-09,-26.1,Макс. температура
3882,25017,2015-02-13,-31.5,Мин. температура
3882,25017,2015-04-15,-19.5,Макс. температура
3882,25017,2015-05-15,0.3,Макс. температура
3882,25017,2015-06-11,0.2,Мин. температура
3882,25017,2015-06-20,23.3,Макс. температура
3882,25017,2015-06-21,17.0,Макс. температура
3882,25017,2015-08-07,10.9,Макс. температура
3882,25017,2015-08-26,8.2,Макс. температура
3882,25017,2015-09-03,7.1,Макс. температура
3882,25017,2015-09-11,3.4,Мин. температура
3882,25017,2015-09-27,-2.4,Мин. температура
3882,25017,2015-10-30,-19.4,Макс. температура
3882,25017,2015-11-10,-29.2,Мин. температура
3882,25017,2015-11-26,-13.3,Макс. температура
3882,25017,2016-01-02,-29.1,Мин. температура
3882,25017,2016-01-11,-11.0,Макс. температура
3882,25017,2016-02-07,-22.3,Макс. температура
3882,25017,2016-02-11,-36.2,Макс. температура
3882,25017,2016-04-13,-21.0,Мин. температура
3882,25017,2016-04-24,-27.0,Мин. температура
3882,25017,2016-05-03,-16.2,Мин. температура
3882,25017,2016-05-06,-4.9,Макс. температура
3882,25017,2016-06-24,6.0,Мин. температура
3882,25017,2016-07-20,20.0,Макс. температура
3882,25017,2016-07-21,16.4,Макс. температура
3882,25017,2016-08-20,7.5,Макс. температура
3882,25017,2016-10-20,-4.5,Макс. температура
3882,25017,2016-10-28,-4.0,Мин. температура
3882,25017,2016-12-18,-10.1,Макс. температура
3882,25017,2017-01-05,-31.7,Макс. температура
3882,25017,2017-01-31,-31.7,Макс. температура
3882,25017,2017-01-31,-43.0,Мин. температура
3882,25017,2017-02-21,-44.7,Мин. температура
3882,25017,2017-03-04,-31.2,Мин. температура
3882,25017,2017-04-02,-7.8,Макс. температура
3882,25017,2017-05-25,-4.2,Мин. температура
3882,25017,2017-11-09,-11.4,Макс. температура
3882,25017,2017-11-15,-5.7,Макс. температура
3882,25017,2017-11-25,-34.5,Мин. температура
3882,25017,2018-01-13,-32.6,Макс. температура
3882,25017,2018-03-17,-39.0,Мин. температура
3882,25017,2018-04-10,-16.6,Макс. температура
3882,25017,2018-04-15,-26.2,Мин. температура
3882,25017,2018-04-28,-17.0,Мин. температура
3882,25017,2018-05-14,-13.2,Мин. температура
3882,25017,2018-11-27,,Мин. температура
3882,25017,2019-01-23,-26.5,Макс. температура
3882,25017,2019-04-06,-20.5,Мин. температура
3882,25017,2019-04-30,-3.9,Макс. температура
3882,25017,2019-07-27,6.9,Мин. температура
3882,25017,2019-08-31,3.9,Макс. температура
3882,25017,2019-09-28,-4.1,Мин. температура
3882,25017,2019-11-22,-20.7,Макс. температура
3882,25017,2019-12-13,-23.0,Макс. температура
3882,25017,2020-03-28,-5.0,Макс. температура
3882,25017,2020-07-18,9.5,Макс. температура
3882,25017,2020-07-27,22.1,Макс. температура
3882,25017,2020-08-26,1.0,Мин. температура
3882,25017,2020-09-24,5.2,Макс. температура
3882,25017,2020-10-31,-11.8,Макс. температура
3882,25017,2020-12-16,-13.6,Макс. температура
3882,25017,2020-12-25,-20.2,Макс. температура
3882,25017,2021-01-09,-27.7,Макс. температура
3882,25017,2021-02-15,-36.5,Мин. температура
3882,25017,2021-03-10,-22.0,Макс. температура
3882,25017,2021-04-30,-4.0,Макс. температура
3882,25017,2021-05-30,17.4,Макс. температура
3882,25017,2021-07-20,16.6,Макс. температура
3882,25017,2021-11-24,-20.0,Макс. температура
3882,25017,2022-01-16,-39.0,Мин. температура
3882,25017,2022-01-18,-41.0,Макс. температура
3882,25017,2022-02-09,-40.5,Мин. температура
3882,25017,2022-02-24,-35.9,Макс. температура
3882,25017,2022-03-18,-24.5,Макс. температура
3882,25017,2022-04-05,-30.5,Мин. температура
3882,25017,2022-04-26,-15.0,Мин. температура
3882,25017,2022-04-28,-11.5,Мин. температура
3882,25017,2022-06-13,19.9,Макс. температура
3882,25017,2022-06-29,11.3,Макс. температура
3882,25017,2022-07-31,23.3,Макс. температура
3882,25017,2022-07-31,11.6,Мин. температура
3882,25017,2022-08-16,4.5,Мин. температура
3882,25017,2022-08-31,5.6,Макс. температура
3882,25017,2022-09-17,3.7,Макс. температура
3882,25017,2022-09-18,-4.0,Мин. температура
3882,25017,2022-09-21,3.5,Макс. температура
3882,25017,2022-11-19,-33.7,Мин. температура
3882,25017,2022-11-22,-25.2,Макс. температура
3882,25017,2022-12-09,-39.2,Мин. температура
3882,25017,2023-03-21,-29.8,Мин. температура
3882,25017,2023-05-25,14.5,Макс. температура
3882,25017,2023-06-09,0.0,Мин. температура
3882,25017,2023-07-25,4.7,Мин. температура
3882,25017,2023-08-10,7.9,Мин. температура
3882,25017,2023-08-20,4.2,Мин. температура
3882,25017,2023-09-01,4.9,Макс. температура
3882,25017,2023-09-19,-1.7,Мин. температура
3882,25017,2023-10-22,-21.2,Мин. температура
3882,25017,2023-11-23,-19.9,Макс. температура
3882,25017,2023-11-27,-10.1,Макс. температура
3882,25017,2024-01-21,-42.2,Мин. температура
3882,25017,2024-02-05,-26.1,Макс. температура
3882,25017,2024-03-06,-29.3,Мин. температура
3882,25017,2024-03-20,-21.9,Макс. температура
3882,25017,2024-03-27,-32.9,Мин. температура
3882,25017,2024-05-09,-2.1,Макс. температура
3882,25017,2024-05-17,-5.7,Макс. температура
3882,25017,2024-06-01,7.0,Макс. температура
3882,25017,2024-07-11,19.7,Макс. температура
3882,25017,2024-10-31,-6.8,Макс. температура
3882,25017,2024-11-30,-26.1,Мин. температура
3882,25017,2024-12-16,-22.7,Макс. температура
3882,25017,2024-12-27,-27.5,Макс. температура
3882,25017,2015-01-01,-24.6,Макс. температура
3882,25017,2015-01-03,,Мин. температура
3882,25017,2015-03-14,-26.6,Мин. температура
3882,25017,2015-04-04,-17.3,Макс. температура
3882,25017,2015-05-09,-15.0,Мин. температура
3882,25017,2015-05-24,-4.6,Мин. температура
3882,25017,2015-05-27,0.7,Макс. температура
3882,25017,2015-06-07,14.9,Макс. температура
3882,25017,2015-07-08,15.8,Макс. температура
3882,25017,2015-07-09,10.5,Макс. температура
3882,25017,2015-07-22,7.0,Мин. температура
3882,25017,2015-08-04,12.6,Макс. температура
3882,25017,2015-10-13,-5.6,Макс. температура
3882,25017,2015-11-30,-20.5,Макс. температура
3882,25017,2015-12-05,-20.4,Макс. температура
3882,25017,2016-01-14,-16.2,Макс. температура
3882,25017,2016-02-22,-31.9,Мин. температура
3882,25017,2016-04-06,-20.0,Мин. температура
3882,25017,2016-04-08,-15.7,Макс. температура
3882,25017,2016-05-12,-18.2,Мин. температура
3882,25017,2016-05-14,-3.8,Мин. температура
3882,25017,2016-06-10,8.6,Мин. температура
3882,25017,2016-06-16,10.0,Макс. температура
3882,25017,2016-07-08,5.5,Мин. температура
3882,25017,2016-08-18,8.0,Макс. температура
3882,25017,2016-10-02,0.0,Макс. температура
3882,25017,2016-10-25,-13.7,Мин. температура
3882,25017,2016-11-11,-29.7,Мин. температура
3882,25017,2016-11-23,-22.2,Макс. температура
3882,25017,2017-01-10,-33.9,Мин. температура
3882,25017,2017-02-25,-31.2,Мин. температура
3882,25017,2017-03-30,-9.0,Макс. температура
3882,25017,2017-04-15,-12.7,Макс. температура
3882,25017,2017-04-21,1.0,Макс. температура
3882,25017,2017-05-26,-5.3,Мин. температура
3882,25017,2017-12-05,-7.8,Макс. температура
3882,25017,2017-12-06,-6.5,Макс. температура
3882,25017,2017-12-15,-27.2,Мин. температура
3882,25017,2017-12-28,-38.6,Мин. температура
3882,25017,2017-12-29,-31.6,Мин. температура
3882,25017,2018-11-05,-17.5,Макс. температура
3882,25017,2018-11-12,-24.0,Мин. температура
3882,25017,2018-12-18,-40.0,Макс. температура
3882,25017,2019-01-19,-37.5,Мин. температура
3882,25017,2019-02-01,-24.6,Макс. температура
3882,25017,2019-02-05,-41.0,Мин. температура
3882,25017,2019-02-10,-40.6,Мин. температура
3882,25017,2019-02-12,-36.6,Макс. температура
3882,25017,2019-03-01,-32.4,Мин. температура
3882,25017,2019-03-31,-9.5,Макс. температура
3882,25017,2019-04-13,-9.0,Макс. температура
3882,25017,2019-04-13,-19.9,Мин. температура
3882,25017,2019-04-19,-1.5,Макс. температура
3882,25017,2019-08-07,6.4,Мин. температура
3882,25017,2019-08-14,7.5,Макс. температура
3882,25017,2019-10-13,-6.7,Мин. температура
3882,25017,2019-10-26,-14.2,Мин. температура
3882,25017,2019-11-24,-26.2,Макс. температура
3882,25017,2019-12-28,-36.2,Мин. температура
3882,25017,2020-01-31,-39.0,Мин. температура
3882,25017,2020-02-28,-10.2,Макс. температура
3882,25017,2020-03-04,-23.2,Мин. температура
3882,25017,2020-03-22,-30.0,Мин. температура
3882,25017,2020-04-04,-18.5,Макс. температура
3882,25017,2020-04-15,-22.0,Мин. температура
3882,25017,2020-04-28,-3.6,Макс. температура
3882,25017,2020-08-12,3.0,Мин. температура
3882,25017,2020-08-18,2.8,Мин. температура
3882,25017,2020-08-28,6.0,Макс. температура
3882,25017,2020-10-17,-0.5,Макс. температура
3882,25017,2020-12-12,-34.5,Мин. температура
3882,25017,2020-12-13,-24.0,Макс. температура
3882,25017,2021-01-18,-40.5,Мин. температура
3882,25017,2021-02-08,-29.7,Мин. температура
3882,25017,2021-02-18,-34.3,Мин. температура
3882,25017,2021-03-06,-23.6,Мин. температура
3882,25017,2021-03-18,-25.0,Макс. температура
3882,25017,2021-04-07,-33.4,Мин. температура
3882,25017,2021-04-10,-28.5,Мин. температура
3882,25017,2021-04-29,-2.2,Макс. температура
3882,25017,2021-05-05,-4.0,Мин. температура
3882,25017,2021-06-07,2.8,Мин. температура
3882,25017,2021-07-14,3.0,Мин. температура
3882,25017,2021-08-24,11.0,Макс. температура
3882,25017,2021-10-04,-4.0,Мин. температура
3882,25017,2021-11-06,-28.2,Мин. температура
3882,25017,2021-11-09,-26.8,Мин. температура
3882,25017,2021-12-23,-25.7,Мин. температура
3882,25017,2022-01-04,-23.5,Макс. температура
3882,25017,2022-03-07,-19.5,Макс. температура
3882,25017,2022-04-27,-8.2,Макс. температура
3882,25017,2022-05-25,2.4,Мин. температура
3882,25017,2022-05-29,0.5,Мин. температура
3882,25017,2022-06-05,10.0,Макс. температура
3882,25017,2022-06-14,22.6,Макс. температура
3882,25017,2022-06-19,5.0,Мин. температура
3882,25017,2022-06-29,6.7,Мин. температура
3882,25017,2022-07-10,15.2,Макс. температура
3882,25017,2022-07-13,10.2,Мин. температура
3882,25017,2022-09-14,5.5,Макс. температура
3882,25017,2022-10-09,-1.5,Макс. температура
3882,25017,2022-11-13,-26.2,Макс. температура
3882,25017,2022-11-28,-39.2,Мин. температура
3882,25017,2022-12-09,-27.2,Макс. температура
3882,25017,2023-02-23,-32.2,Макс. температура
3882,25017,2023-02-24,-37.7,Мин. температура
3882,25017,2023-03-20,-23.3,Макс. температура
3882,25017,2023-03-22,-29.3,Мин. температура
3882,25017,2023-03-23,-29.2,Мин. температура
3882,25017,2023-03-24,-23.6,Макс. температура
3882,25017,2023-05-12,-4.8,Макс. температура
3882,25017,2023-06-10,4.0,Мин. температура
3882,25017,2023-06-21,19.9,Макс. температура
3882,25017,2023-07-17,14.0,Мин. температура
3882,25017,2023-07-23,11.4,Макс. температура
3882,25017,2023-08-02,11.7,Макс. температура
3882,25017,2023-08-12,17.7,Макс. температура
3882,25017,2023-08-21,1.1,Мин. температура
3882,25017,2023-08-27,13.2,Макс. температура
3882,25017,2023-12-24,-37.2,Мин. температура
3882,25017,2024-01-28,-32.3,Мин. температура
3882,25017,2024-02-03,-40.4,Мин. температура
3882,25017,2024-02-05,-31.4,Мин. температура
3882,25017,2024-03-26,-31.4,Мин. температура
3882,25017,2024-04-09,-23.4,Мин. температура
3882,25017,2024-06-02,-0.4,Мин. температура
3882,25017,2024-06-09,10.9,Макс. температура
3882,25017,2024-06-26,9.1,Макс. температура
3882,25017,2024-07-03,17.7,Макс. температура
3882,25017,2024-08-11,11.0,Макс. температура
3882,25017,2024-09-15,4.0,Макс. температура
3882,25017,2024-10-25,-21.5,Мин. температура
3882,25017,2024-12-08,-26.9,Макс. температура
3882,25017,2024-12-10,-34.8,Мин. температура
3882,25017,2024-10-19,-4.0,Макс. температура
3882,25017,2024-12-09,-35.9,Мин. температура
3882,25017,2024-07-04,9.8,Мин. температура
3882,25017,2024-07-16,4.8,Мин. температура
3882,25017,2024-08-01,0.5,Мин. температура
3882,25017,2024-08-18,4.7,Мин. температура
3882,25017,2024-09-02,9.6,Макс. температура
3882,25017,2024-09-16,-1.6,Мин. температура
3882,25017,2024-10-10,-9.7,Мин. температура
3882,25017,2024-10-12,-11.4,Мин. температура
3882,25017,2024-10-17,-4.7,Макс. температура
3882,25017,2024-10-21,-12.1,Мин. температура
3882,25017,2024-10-30,-8.0,Макс. температура
3882,25017,2024-12-17,-27.2,Мин. температура
3882,25017,2024-12-31,-24.9,Макс. температура
3882,25017,2024-03-17,-22.8,Макс. температура
3882,25017,2024-05-02,-6.9,Мин. температура
3882,25017,2024-05-12,-2.9,Макс. температура
3882,25017,2024-06-25,8.9,Мин. температура
3882,25017,2024-07-01,22.5,Макс. температура
3882,25017,2024-07-05,9.0,Макс. температура
3882,25017,2024-07-24,11.2,Макс. температура
3882,25017,2024-08-06,16.5,Макс. температура
3882,25017,2024-08-20,4.3,Мин. температура
3882,25017,2024-09-01,4.9,Мин. температура
3882,25017,2024-09-11,7.1,Макс. температура
3882,25017,2024-10-02,-2.1,Макс. температура
3882,25017,2024-10-11,-9.2,Мин. температура
3882,25017,2024-10-16,-13.0,Макс. температура
3882,25017,2024-11-21,-30.7,Мин. температура
3882,25017,2024-12-03,-19.4,Мин. температура
3882,25017,2024-12-12,-25.0,Мин. температура
3882,25017,2024-09-30,-1.5,Мин. температура
3882,25017,2024-10-23,-11.6,Мин. температура
3882,25017,2024-11-06,-14.2,Макс. температура
3882,25017,2024-11-16,-17.9,Макс. температура
3882,25017,2024-12-26,-33.0,Мин. температура
3882,25017,2024-11-15,-19.2,Макс. температура
3882,25017,2024-11-27,-34.3,Мин. температура
3882,25017,2023-07-06,12.4,Макс. температура
3882,25017,2023-08-06,2.5,Мин. температура
3882,25017,2023-08-15,6.6,Мин. температура
3882,25017,2023-08-27,6.4,Мин. температура
3882,25017,2023-08-28,12.1,Макс. температура
3882,25017,2023-09-29,-1.4,Мин. температура
3882,25017,2023-10-12,-10.5,Мин. температура
3882,25017,2023-10-14,-5.5,Макс. температура
3882,25017,2023-12-09,-29.7,Мин. температура
3882,25017,2024-01-05,-42.4,Мин. температура
3882,25017,2024-01-13,-40.2,Макс. температура
3882,25017,2024-01-24,-33.1,Мин. температура
3882,25017,2024-02-18,-35.5,Макс. температура
3882,25017,2024-02-26,-31.8,Макс. температура
3882,25017,2024-02-26,-36.0,Мин. температура
3882,25017,2024-03-01,-26.9,Макс. температура
3882,25017,2024-03-21,-32.7,Мин. температура
3882,25017,2024-05-15,-12.1,Мин. температура
3882,25017,2024-05-19,2.5,Макс. температура
3882,25017,2024-05-22,4.8,Макс. температура
3882,25017,2024-06-24,9.7,Мин. температура
3882,25017,2024-06-30,12.2,Мин. температура
3882,25017,2024-07-17,25.0,Макс. температура
3882,25017,2024-09-27,1.1,Макс. температура
3882,25017,2024-11-29,-34.0,Мин. температура
3882,25017,2024-07-22,22.8,Макс. температура
3882,25017,2024-07-30,3.4,Мин. температура
3882,25017,2024-09-07,-0.3,Мин. температура
3882,25017,2024-11-09,-35.2,Мин. температура
3882,25017,2024-07-29,13.7,Макс. температура
3882,25017,2024-09-21,2.9,Макс. температура
3882,25017,2024-10-05,-2.2,Мин. температура
3882,25017,2024-10-18,-2.3,Макс. температура
3882,25017,2024-11-02,-7.7,Макс. температура
3882,25017,2024-11-02,-9.2,Мин. температура
3882,25017,2024-11-03,-13.5,Мин. температура
3882,25017,2024-11-19,-22.8,Мин. температура
3882,25017,2024-07-30,6.3,Макс. температура
3882,25017,2024-09-04,6.2,Макс. температура
3882,25017,2024-09-16,4.2,Макс. температура
3882,25017,2024-09-20,-0.8,Мин. температура
3882,25017,2024-10-26,-8.8,Макс. температура
3882,25017,2024-11-12,-31.7,Мин. температура
3882,25017,2024-11-26,-31.1,Макс. температура
3882,25017,2024-11-30,-19.7,Макс. температура
3882,25017,2024-12-07,-25.9,Мин. температура
3882,25017,2024-04-14,-14.8,Макс. температура
3882,25017,2024-04-20,-7.7,Макс. температура
3882,25017,2024-05-06,-11.7,Мин. температура
3882,25017,2024-06-21,23.0,Макс. температура
3882,25017,2024-10-02,-4.4,Мин. температура
3882,25017,2024-10-08,-4.0,Мин. температура
3882,25017,2024-10-15,-5.4,Макс. температура
3882,25017,2024-11-14,-18.3,Мин. температура
3882,25017,2024-12-19,-18.4,Макс. температура
3882,25017,2024-01-07,-27.2,Мин. температура
3882,25017,2024-02-01,-23.1,Мин. температура
3882,25017,2024-02-23,-26.7,Макс. температура
3882,25017,2024-05-04,-1.3,Макс. температура
3882,25017,2024-05-07,7.1,Макс. температура
3882,25017,2024-06-15,8.4,Мин. температура
3882,25017,2024-10-14,-12.1,Мин. температура
3882,25017,2024-11-01,-7.2,Макс. температура
3882,25017,2024-12-04,-15.1,Мин. температура
3882,25017,2024-12-16,-27.0,Мин. температура
3882,25017,2024-12-22,-25.8,Макс. температура
3882,25017,2024-12-31,-34.4,Мин. температура
3882,25017,2024-10-19,-5.8,Мин. температура
3882,25017,2024-12-10,-23.2,Макс. температура
3882,25017,2024-12-21,-25.2,Макс. температура
3882,25017,2024-12-24,-37.5,Мин. температура
3882,25017,2023-11-05,-8.1,Макс. температура
3882,25017,2024-01-09,-31.5,Макс. температура
3882,25017,2024-02-03,-31.5,Макс. температура
3882,25017,2024-02-22,-22.7,Макс. температура
3882,25017,2024-03-18,-21.0,Макс. температура
3882,25017,2024-04-08,-23.3,Мин. температура
3882,25017,2024-05-13,-6.8,Мин. температура
3882,25017,2024-05-24,-4.0,Мин. температура
3882,25017,2024-08-21,6.7,Макс. температура
3882,25017,2024-08-28,1.6,Мин. температура
3882,25017,2024-09-04,3.3,Мин. температура
3882,25017,2024-09-08,6.6,Макс. температура
3882,25017,2024-11-10,-21.4,Макс. температура
3882,25017,2024-12-12,-20.8,Макс. температура
